<Qucs Dataset 0.0.19>
<indep acfrequency 251>
  +1.00000000000000000000e+01
  +1.04712854805089961019e+01
  +1.09647819614318500214e+01
  +1.14815362149688287019e+01
  +1.20226443461741290264e+01
  +1.25892541179416728170e+01
  +1.31825673855640701504e+01
  +1.38038426460288476960e+01
  +1.44543977074592753240e+01
  +1.51356124843620793996e+01
  +1.58489319246111328710e+01
  +1.65958690743756065444e+01
  +1.73780082874937527038e+01
  +1.81970085860998338489e+01
  +1.90546071796324731906e+01
  +1.99526231496887938022e+01
  +2.08929613085403929063e+01
  +2.18776162394955235868e+01
  +2.29086765276777271083e+01
  +2.39883291901949036173e+01
  +2.51188643150958021977e+01
  +2.63026799189538174062e+01
  +2.75422870333816618427e+01
  +2.88403150312660550014e+01
  +3.01995172040201573793e+01
  +3.16227766016837890106e+01
  +3.31131121482591055383e+01
  +3.46736850452531655264e+01
  +3.63078054770101346094e+01
  +3.80189396320561101561e+01
  +3.98107170553497198284e+01
  +4.16869383470335392872e+01
  +4.36515832240165906342e+01
  +4.57088189614874949029e+01
  +4.78630092322638347468e+01
  +5.01187233627272306080e+01
  +5.24807460249772432803e+01
  +5.49540873857624490029e+01
  +5.75439937337156877106e+01
  +6.02559586074357724783e+01
  +6.30957344480193142999e+01
  +6.60693448007595947047e+01
  +6.91830970918936287717e+01
  +7.24435960074989964141e+01
  +7.58577575029183748256e+01
  +7.94328234724281401213e+01
  +8.31763771102670688151e+01
  +8.70963589956080568300e+01
  +9.12010839355909439519e+01
  +9.54992586021435840848e+01
  +9.99999999999999857891e+01
  +1.04712854805089961019e+02
  +1.09647819614318478898e+02
  +1.14815362149688240834e+02
  +1.20226443461741268948e+02
  +1.25892541179416696195e+02
  +1.31825673855640701504e+02
  +1.38038426460288462749e+02
  +1.44543977074592675081e+02
  +1.51356124843620790443e+02
  +1.58489319246111278972e+02
  +1.65958690743756022812e+02
  +1.73780082874937477300e+02
  +1.81970085860998324279e+02
  +1.90546071796324667957e+02
  +1.99526231496887874073e+02
  +2.08929613085403929063e+02
  +2.18776162394955179025e+02
  +2.29086765276777271083e+02
  +2.39883291901948950908e+02
  +2.51188643150958000660e+02
  +2.63026799189538110113e+02
  +2.75422870333816490529e+02
  +2.88403150312660557120e+02
  +3.01995172040201509844e+02
  +3.16227766016837904317e+02
  +3.31131121482590970118e+02
  +3.46736850452531427891e+02
  +3.63078054770101289250e+02
  +3.80189396320561058928e+02
  +3.98107170553497212495e+02
  +4.16869383470335264974e+02
  +4.36515832240165877920e+02
  +4.57088189614874863764e+02
  +4.78630092322638120095e+02
  +5.01187233627272178182e+02
  +5.24807460249772361749e+02
  +5.49540873857624205812e+02
  +5.75439937337156948161e+02
  +6.02559586074357639518e+02
  +6.30957344480193114578e+02
  +6.60693448007595634408e+02
  +6.91830970918936031921e+02
  +7.24435960074990134672e+02
  +7.58577575029183662991e+02
  +7.94328234724281287527e+02
  +8.31763771102670489199e+02
  +8.70963589956079999865e+02
  +9.12010839355909752157e+02
  +9.54992586021435727162e+02
  +9.99999999999999545253e+02
  +1.04712854805089887122e+03
  +1.09647819614318495951e+03
  +1.14815362149688257887e+03
  +1.20226443461741246210e+03
  +1.25892541179416662089e+03
  +1.31825673855640616239e+03
  +1.38038426460288496855e+03
  +1.44543977074592726240e+03
  +1.51356124843620773390e+03
  +1.58489319246111244865e+03
  +1.65958690743755937547e+03
  +1.73780082874937534143e+03
  +1.81970085860998301541e+03
  +1.90546071796324645220e+03
  +1.99526231496887817229e+03
  +2.08929613085403752848e+03
  +2.18776162394955235868e+03
  +2.29086765276777214240e+03
  +2.39883291901948905434e+03
  +2.51188643150957841499e+03
  +2.63026799189538178325e+03
  +2.75422870333816626953e+03
  +2.88403150312660500276e+03
  +3.01995172040201441632e+03
  +3.16227766016837676943e+03
  +3.31131121482591061067e+03
  +3.46736850452531552946e+03
  +3.63078054770101152826e+03
  +3.80189396320560945242e+03
  +3.98107170553496916909e+03
  +4.16869383470335287711e+03
  +4.36515832240165855183e+03
  +4.57088189614874772815e+03
  +4.78630092322638029145e+03
  +5.01187233627271871228e+03
  +5.24807460249772520910e+03
  +5.49540873857624319498e+03
  +5.75439937337156607100e+03
  +6.02559586074357321195e+03
  +6.30957344480193205527e+03
  +6.60693448007595907256e+03
  +6.91830970918936145608e+03
  +7.24435960074989543500e+03
  +7.58577575029183117294e+03
  +7.94328234724281355739e+03
  +8.31763771102670762048e+03
  +8.70963589956080068077e+03
  +9.12010839355909047299e+03
  +9.54992586021435090515e+03
  +9.99999999999999818101e+03
  +1.04712854805089918955e+04
  +1.09647819614318432286e+04
  +1.14815362149688189675e+04
  +1.20226443461741182546e+04
  +1.25892541179416693922e+04
  +1.31825673855640634429e+04
  +1.38038426460288392263e+04
  +1.44543977074592639838e+04
  +1.51356124843620800675e+04
  +1.58489319246111299435e+04
  +1.65958690743755942094e+04
  +1.73780082874937434099e+04
  +1.81970085860998151475e+04
  +1.90546071796324686147e+04
  +1.99526231496887849062e+04
  +2.08929613085403798323e+04
  +2.18776162394955099444e+04
  +2.29086765276777077815e+04
  +2.39883291901948941813e+04
  +2.51188643150957868784e+04
  +2.63026799189537996426e+04
  +2.75422870333816390485e+04
  +2.88403150312660291092e+04
  +3.01995172040201214259e+04
  +3.16227766016837449570e+04
  +3.31131121482591115637e+04
  +3.46736850452531580231e+04
  +3.63078054770101225586e+04
  +3.80189396320561063476e+04
  +3.98107170553496980574e+04
  +4.16869383470335014863e+04
  +4.36515832240165473195e+04
  +4.57088189614874499966e+04
  +4.78630092322637647158e+04
  +5.01187233627272435115e+04
  +5.24807460249772630050e+04
  +5.49540873857624392258e+04
  +5.75439937337156734429e+04
  +6.02559586074357430334e+04
  +6.30957344480192768970e+04
  +6.60693448007595434319e+04
  +6.91830970918935636291e+04
  +7.24435960074989125133e+04
  +7.58577575029182626167e+04
  +7.94328234724281501258e+04
  +8.31763771102670871187e+04
  +8.70963589956080395496e+04
  +9.12010839355909265578e+04
  +9.54992586021435272414e+04
  +9.99999999999999126885e+04
  +1.04712854805089853471e+05
  +1.09647819614318359527e+05
  +1.14815362149688095087e+05
  +1.20226443461741306237e+05
  +1.25892541179416715750e+05
  +1.31825673855640663533e+05
  +1.38038426460288406815e+05
  +1.44543977074592665303e+05
  +1.51356124843620695174e+05
  +1.58489319246111204848e+05
  +1.65958690743755869335e+05
  +1.73780082874937274028e+05
  +1.81970085860998049611e+05
  +1.90546071796324715251e+05
  +1.99526231496887921821e+05
  +2.08929613085403863806e+05
  +2.18776162394955143100e+05
  +2.29086765276777121471e+05
  +2.39883291901948803570e+05
  +2.51188643150957708713e+05
  +2.63026799189537821803e+05
  +2.75422870333816215862e+05
  +2.88403150312660611235e+05
  +3.01995172040201607160e+05
  +3.16227766016837791540e+05
  +3.31131121482590911910e+05
  +3.46736850452531361952e+05
  +3.63078054770100978203e+05
  +3.80189396320560772438e+05
  +3.98107170553496747743e+05
  +4.16869383470334811136e+05
  +4.36515832240165269468e+05
  +4.57088189614875009283e+05
  +4.78630092322638258338e+05
  +5.01187233627272071317e+05
  +5.24807460249772295356e+05
  +5.49540873857624130324e+05
  +5.75439937337156268768e+05
  +6.02559586074357037432e+05
  +6.30957344480192288756e+05
  +6.60693448007595026866e+05
  +6.91830970918936538510e+05
  +7.24435960074989823624e+05
  +7.58577575029183528386e+05
  +7.94328234724281122908e+05
  +8.31763771102670347318e+05
  +8.70963589956079842523e+05
  +9.12010839355908683501e+05
  +9.54992586021434748545e+05
  +9.99999999999998370185e+05
</indep>
<dep H acfrequency>
  +3.94784020189090116111e-07+j6.28318282667843014053e-04
  +4.32872053835835827076e-07+j6.57929985984542949062e-04
  +4.74634748928677209415e-07+j6.88937242171253462833e-04
  +5.20426629500863349677e-07+j7.21405821058429519953e-04
  +5.70636423288430469113e-07+j7.55404592031649608878e-04
  +6.25690361614157410447e-07+j7.91005670097078852042e-04
  +6.86055797632782359576e-07+j8.28284568828989431477e-04
  +7.52245173651291192865e-07+j8.67320360523428477047e-04
  +8.24820371201034183527e-07+j9.08195843897333294527e-04
  +9.04397480787259145118e-07+j9.50997719688357712013e-04
  +9.91652031803816186092e-07+j9.95816774527354640900e-04
  +1.08732472700657273033e-06+j1.04274807347293175727e-03
  +1.19222773022162892371e-06+j1.09189116161578498969e-03
  +1.30725156066001697011e-06+j1.14335027517964687299e-03
  +1.43337265235907676287e-06+j1.19723456256571399343e-03
  +1.57166164291580874699e-06+j1.25365831580837418582e-03
  +1.72329246186706247225e-06+j1.31274121293199048065e-03
  +1.88955229585790074009e-06+j1.37460857172142718145e-03
  +2.07185251518053472765e-06+j1.43939161544302807183e-03
  +2.27174065442483030336e-06+j1.50722775107786188635e-03
  +2.49091354892678423734e-06+j1.57826086065532148264e-03
  +2.73123173850939961654e-06+j1.65264160630264615899e-03
  +2.99473526076414981936e-06+j1.73052774965467334040e-03
  +3.28366096791188303116e-06+j1.81208448629817798874e-03
  +3.60046151420952336775e-06+j1.89748479595658672836e-03
  +3.94782617504270602740e-06+j1.98690980915370131801e-03
  +4.32870367438470641933e-06+j2.08054919112940104806e-03
  +4.74632721434034251970e-06+j2.17860154381619699690e-03
  +5.20424191917389945681e-06+j2.28127482672297633715e-03
  +5.70633492670132693510e-06+j2.38878679761150543651e-03
  +6.25686838238140458632e-06+j2.50136547389210022602e-03
  +6.86051561605920474831e-06+j2.61924961570765297419e-03
  +7.52240080830558718622e-06+j2.74268923171978526443e-03
  +8.24814248288683715248e-06+j2.87194610865740621031e-03
  +9.04390119433948468661e-06+j3.00729436573652893563e-03
  +9.91643181519034475795e-06+j3.14902103511081670958e-03
  +1.08731408663514059491e-05+j3.29742666956508783879e-03
  +1.19221493769624701180e-05+j3.45282597871898353989e-03
  +1.30723618068118117570e-05+j3.61554849506525149277e-03
  +1.43335416158316922720e-05+j3.78593927122668465896e-03
  +1.57163941214738397077e-05+j3.96435960987769932251e-03
  +1.72326573464940982993e-05+j4.15118782784095179811e-03
  +1.88952016273344619980e-05+j4.34682005593628462137e-03
  +2.07181388274529926100e-05+j4.55167107622865552141e-03
  +2.27169420812404792198e-05+j4.76617519839367138196e-03
  +2.49085770832585659453e-05+j4.99078717699385100010e-03
  +2.73116460351836381993e-05+j5.22598317153571446936e-03
  +2.99465454698605753117e-05+j5.47226175125742689276e-03
  +3.28356392891550062153e-05+j5.73014494667870282613e-03
  +3.60034484808195395268e-05+j6.00017935002921613125e-03
  +3.94768591204273456077e-05+j6.28293726675838593715e-03
  +4.32853504187484579443e-05+j6.57901792041848659104e-03
  +4.74612447440254052846e-05+j6.88904871330380148831e-03
  +5.20399817338492720067e-05+j7.21368654532135965274e-03
  +5.70604188142659750241e-05+j7.55361919366277865390e-03
  +6.25651606660335455690e-05+j7.90956675594209693281e-03
  +6.86009204214196101649e-05+j8.28228315956034896739e-03
  +7.52189156415694935116e-05+j8.67255774015366319440e-03
  +8.24753024164574349538e-05+j9.08121689207722765369e-03
  +9.04316512491261620225e-05+j9.50912579397173232665e-03
  +9.91554687358999566104e-05+j9.95719021255091554790e-03
  +1.08720769437343337308e-04+j1.04263583878378314485e-02
  +1.19208702753973233503e-04+j1.09176230031614932003e-02
  +1.30708240079469050540e-04+j1.14320232433040656211e-02
  +1.43316928005950426682e-04+j1.19706469442590023033e-02
  +1.57141713904760386327e-04+j1.25346328381214060232e-02
  +1.72299850806332909134e-04+j1.31251728966800679244e-02
  +1.88919889158770955935e-04+j1.37435147773141055211e-02
  +2.07142763761699423087e-04+j1.43909643748124337070e-02
  +2.27122984955153582511e-04+j1.50688884827268748667e-02
  +2.49029943998580426383e-04+j1.57787175678371430210e-02
  +2.73049343508656016527e-04+j1.65219486612404632686e-02
  +2.99384764843345157429e-04+j1.73001483694772070776e-02
  +3.28259385430590671512e-04+j1.81149560089575549504e-02
  +3.59917860250945310582e-04+j1.89680868667564291041e-02
  +3.94628383002547161382e-04+j1.98613355905859455264e-02
  +4.32684943912720358303e-04+j2.07965797104242983151e-02
  +4.74409802722449672370e-04+j2.17757832938686862745e-02
  +5.20156197067545684153e-04+j2.28010007367702612069e-02
  +5.70311308323692635509e-04+j2.38743806900889206368e-02
  +6.25299508982140889862e-04+j2.49981701231551667330e-02
  +6.85585917789300887219e-04+j2.61747185226246480150e-02
  +7.51680291227957019136e-04+j2.74064822253374355820e-02
  +8.24141282451038492338e-04+j2.86960288820177766844e-02
  +9.03581101511836243777e-04+j3.00460420472452027774e-02
  +9.90670613677441464287e-04+j3.14593258893549332367e-02
  +1.08614491577476162017e-03+j3.29388100118492149759e-02
  +1.19080943390914009358e-03+j3.44875543754736765822e-02
  +1.30554658952116808650e-03+j3.61087543072833999647e-02
  +1.43132308461226855079e-03+j3.78057455797359553973e-02
  +1.56919786107549892075e-03+j3.95820095390354703691e-02
  +1.72033079341194546780e-03+j4.14411782575397347195e-02
  +1.88599217868754150638e-03+j4.33870396799490229411e-02
  +2.06757309237529020990e-03+j4.54235427271252809045e-02
  +2.26659668371109214446e-03+j4.75548023146399115313e-02
  +2.48473048933430971583e-03+j4.97851042354003903156e-02
  +2.72379984924040136410e-03+j5.21189098468269884634e-02
  +2.98580251438072255196e-03+j5.45608604929013196738e-02
  +3.27292454052181564644e-03+j5.71157815798214035796e-02
  +3.58755756811845539014e-03+j5.97886862108032227092e-02
  +3.93231759282747835721e-03+j6.25847782705716559892e-02
  +4.31006533572476837474e-03+j6.55094548330739240294e-02
  +4.72392832607725857846e-03+j6.85683077467086482537e-02
  +5.17732481240681073620e-03+j7.17671242296474276579e-02
  +5.67398961924840683491e-03+j7.51118862833910494459e-02
  +6.21800206706692171199e-03+j7.86087687052842293278e-02
  +6.81381607079212855277e-03+j8.22641354500583399378e-02
  +7.46629252780433606829e-03+j8.60845340563192590322e-02
  +8.18073409828998406035e-03+j9.00766878160107614670e-02
  +8.96292246890341252896e-03+j9.42474853230569759033e-02
  +9.81915817369087041977e-03+j9.86039669914497429737e-02
  +1.07563030231771997874e-02+j1.03153308082924749511e-01
  +1.17818251621258727330e-02+j1.07902797730063379489e-01
  +1.29038467373152210965e-02+j1.12859813382333321052e-01
  +1.41311941070753378791e-02+j1.18031790040579745438e-01
  +1.54734504624330082567e-02+j1.23426183580388010297e-01
  +1.69410106534318670446e-02+j1.29050427397479711145e-01
  +1.85451379212264039209e-02+j1.34911881540170863758e-01
  +2.02980221243973003864e-02+j1.41017773426737880182e-01
  +2.22128389139474406722e-02+j1.47375129181726127747e-01
  +2.43038091528613893477e-02+j1.53990694567959773842e-01
  +2.65862576902079622565e-02+j1.60870844444348654045e-01
  +2.90766703839278987942e-02+j1.68021479648622074077e-01
  +3.17927480184172078781e-02+j1.75447910195176276504e-01
  +3.47534554811185364409e-02+j1.83154723698954746691e-01
  +3.79790642458374752555e-02+j1.91145637995869588366e-01
  +4.14911858600269939368e-02+j1.99423337039464076970e-01
  +4.53127937513512490941e-02+j2.07989289324712001150e-01
  +4.94682302604868284757e-02+j2.16843548337003311222e-01
  +5.39831953806509876048e-02+j2.25984534862776476061e-01
  +5.88847132521827312801e-02+j2.35408801444191878582e-01
  +6.42010720400633394522e-02+j2.45110779830202379914e-01
  +6.99617324369097987047e-02+j2.55082512986163079116e-01
  +7.61971997138593676313e-02+j2.65313374087371600663e-01
  +8.29388540245022398700e-02+j2.75789775948283744089e-01
  +9.02187335980450949569e-02+j2.86494875531849713113e-01
  +9.80692655902313109584e-02+j2.97408279536437891721e-01
  +1.06522939753839904209e-01+j3.08505758552477749035e-01
  +1.15611920809016610612e-01+j3.19758978882323630089e-01
  +1.25367596502521605473e-01+j3.31135262769917837478e-01
  +1.35820059905551182577e-01+j3.42597389413293207383e-01
  +1.46997526562593655575e-01+j3.54103450628588556359e-01
  +1.58925689699872391136e-01+j3.65606776268291133736e-01
  +1.71627019832612276451e-01+j3.77055945313143736630e-01
  +1.85120018736089186895e-01+j3.88394898781175057501e-01
  +1.99418441774563998115e-01+j3.99563170042946780303e-01
  +2.14530506861582731526e-01+j4.10496246617792048816e-01
  +2.30458112634023992715e-01+j4.21126074893478308248e-01
  +2.47196092472213774238e-01+j4.31381715350433625478e-01
  +2.64731534441299931615e-01+j4.41190150744160181073e-01
  +2.83043199675102163937e-01+j4.50477243368388624578e-01
  +3.02101072770689704772e-01+j4.59168830171962083497e-01
  +3.21866077035227848846e-01+j4.67191936455650602689e-01
  +3.42289984626575061188e-01+j4.74476080588804971505e-01
  +3.63315546582560433553e-01+j4.80954634236926636959e-01
  +3.84876860441398793711e-01+j4.86566195638549137126e-01
  +4.06899983827401057201e-01+j4.91255928196965230281e-01
  +4.29303791446879856597e-01+j4.94976813695564676898e-01
  +4.52001061056682307271e-01+j4.97690769313954339825e-01
  +4.74899761950713261704e-01+j4.99369580621276065724e-01
  +4.97904508275828217023e-01+j4.99995608895152210405e-01
  +5.20918129961055909050e-01+j4.99562240205294494366e-01
  +5.43843307048291202399e-01+j4.98074055163556184134e-01
  +5.66584209376004399594e-01+j4.95546711281360852119e-01
  +5.89048083241537345778e-01+j4.92006543524583894733e-01
  +6.11146729882277583989e-01+j4.87489901881542675444e-01
  +6.32797827076315710926e-01+j4.82042256574886807119e-01
  +6.53926054286680935590e-01+j4.75717111119343394332e-01
  +6.74463992763887243420e-01+j4.68574770158277087440e-01
  +6.94352783965894282403e-01+j4.60681012594079508649e-01
  +7.13542541626490223194e-01+j4.52105720949977307743e-01
  +7.31992523959854812787e-01+j4.42921515425403755639e-01
  +7.49671082147684297858e-01+j4.33202436211067798411e-01
  +7.66555408940454707789e-01+j4.23022710932388357197e-01
  +7.82631116665561066270e-01+j4.12455636271803260939e-01
  +7.97891677135621590899e-01+j4.01572594549636452399e-01
  +8.12337757035057284050e-01+j3.90442217914904188270e-01
  +8.25976481612500257334e-01+j3.79129705292971408426e-01
  +8.38820657285471726894e-01+j3.67696290702858474830e-01
  +8.50887980472506688656e-01+j3.56198856202438907115e-01
  +8.62200256001015907792e-01+j3.44689678628180895537e-01
  +8.72782644154025732952e-01+j3.33216296446516957452e-01
  +8.82662951115728899865e-01+j3.21821481326839520243e-01
  +8.91870973487750018371e-01+j3.10543298330141326336e-01
  +9.00437903840378139897e-01+j2.99415238703583774793e-01
  +9.08395801037892414165e-01+j2.88466409993638872589e-01
  +9.15777126382768424939e-01+j2.77721769360789294545e-01
  +9.22614344465268132467e-01+j2.67202387437297683714e-01
  +9.28939585956240487796e-01+j2.56925731680750557562e-01
  +9.34784368394260489765e-01+j2.46905959830871546412e-01
  +9.40179370233566458204e-01+j2.37154215692618269840e-01
  +9.45154252971638020320e-01+j2.27678920985810356870e-01
  +9.49737526000035248153e-01+j2.18486058382148545798e-01
  +9.53956448858599870277e-01+j2.09579442073141802849e-01
  +9.57836965767012271655e-01+j2.00960973269079301584e-01
  +9.61403667612113155272e-01+j1.92630878921554699046e-01
  +9.64679776945335465399e-01+j1.84587932698844797708e-01
  +9.67687151960576752430e-01+j1.76829657837717618696e-01
  +9.70446305854322677220e-01+j1.69352511962536728118e-01
  +9.72976438398403531416e-01+j1.62152054319275262806e-01
  +9.75295476968142338592e-01+j1.55223096134647742250e-01
  +9.77420124655848709949e-01+j1.48559834994502870664e-01
  +9.79365913456072156862e-01+j1.42155974255131350992e-01
  +9.81147260831797818348e-01+j1.36004828568907637498e-01
  +9.82777528258942933981e-01+j1.30099416632764280921e-01
  +9.84269080600607138010e-01+j1.24432542263841511287e-01
  +9.85633345384070769235e-01+j1.18996864879188313235e-01
  +9.86880871244701363132e-01+j1.13784960412176505695e-01
  +9.88021384964274940188e-01+j1.08789373642608377946e-01
  +9.89063846669478996532e-01+j1.04002662854622299204e-01
  +9.90016502872287151860e-01+j9.94174376697262857094e-02
  +9.90886937130159517473e-01+j9.50263908341820728864e-02
  +9.91682118183177196968e-01+j9.08223246724301769284e-02
  +9.92408445489550428142e-01+j8.67981728526835416559e-02
  +9.93071792132657948926e-01+j8.29470180482032026781e-02
  +9.93677545113684335121e-01+j7.92621060187413961629e-02
  +9.94230643075822095867e-01+j7.57368565815841332522e-02
  +9.94735611530276897518e-01+j7.23648718907383275978e-02
  +9.95196595672327433135e-01+j6.91399423961108067216e-02
  +9.95617390888503095425e-01+j6.60560508119630851454e-02
  +9.96001471064541399336e-01+j6.31073743853362290057e-02
  +9.96352014808950303681e-01+j6.02882857203248939681e-02
  +9.96671929709450843404e-01+j5.75933523828072932438e-02
  +9.96963874739838162853e-01+j5.50173354822500598749e-02
  +9.97230280933406709742e-01+j5.25551874022486542604e-02
  +9.97473370436391948424e-01+j5.02020488292707553479e-02
  +9.97695174051233091284e-01+j4.79532452093998848297e-02
  +9.97897547375132698555e-01+j4.58042827454746906413e-02
  +9.98082185634575846933e-01+j4.37508440316747293508e-02
  +9.98250637311371535887e-01+j4.17887834090935952891e-02
  +9.98404316650518763865e-01+j3.99141221139756446901e-02
  +9.98544515134886956353e-01+j3.81230432798925975013e-02
  +9.98672412006430643139e-01+j3.64118868460378414253e-02
  +9.98789083908496744257e-01+j3.47771444158726933393e-02
  +9.98895513718757066535e-01+j3.32154541034358138929e-02
  +9.98992598637480466728e-01+j3.17235953986041777086e-02
  +9.99081157591241386662e-01+j3.02984840773684351023e-02
  +9.99161938007771754933e-01+j2.89371671786536298343e-02
  +9.99235622013519120266e-01+j2.76368180653017506132e-02
  +9.99302832101558902167e-01+j2.63947315834532486578e-02
  +9.99364136313845796700e-01+j2.52083193316572119758e-02
  +9.99420052978353568029e-01+j2.40751050485429364534e-02
  +9.99471055038446687391e-01+j2.29927201257486488184e-02
  +9.99517574008848552758e-01+j2.19588992509787347962e-02
  +9.99560003589801682189e-01+j2.09714761845087964420e-02
  +9.99598702968440999683e-01+j2.00283796711439622540e-02
  +9.99633999834028230680e-01+j1.91276294885257894252e-02
  +9.99666193131495295354e-01+j1.82673326317530498875e-02
  +9.99695555575717653696e-01+j1.74456796335052503888e-02
  +9.99722335947061169215e-01+j1.66609410182143556634e-02
  +9.99746761187034871377e-01+j1.59114638883029492489e-02
</dep>
<dep argH acfrequency>
  -3.59999952625910044079e-02
  -3.76966222905592215908e-02
  -3.94732088160336391791e-02
  -4.13335232035296762376e-02
  -4.32815114135544631857e-02
  -4.53213053722177072746e-02
  -4.74572317352555395065e-02
  -4.96938210650512968147e-02
  -5.20358174401106612916e-02
  -5.44881885173657889987e-02
  -5.70561360686419535848e-02
  -5.97451070136241907393e-02
  -6.25608049727136017459e-02
  -6.55092023642630111313e-02
  -6.85965530718347232808e-02
  -7.18294057083290332644e-02
  -7.52146175050963372577e-02
  -7.87593688554663884371e-02
  -8.24711785435137262334e-02
  -8.63579196903270646102e-02
  -9.04278364515667398837e-02
  -9.46895615016825342725e-02
  -9.91521343418256539959e-02
  -1.03825020470228443492e-01
  -1.08718131455645336536e-01
  -1.13841845956354853486e-01
  -1.19207031729214665838e-01
  -1.24825068675350536740e-01
  -1.30707872971240535165e-01
  -1.36867922336244007830e-01
  -1.43318282490010745489e-01
  -1.50072634855709152735e-01
  -1.57145305567628151833e-01
  -1.64551295844440531591e-01
  -1.72306313792279064412e-01
  -1.80426807704768876750e-01
  -1.88930000930286778882e-01
  -1.97833928379989060220e-01
  -2.07157474753569270653e-01
  -2.16920414563278179942e-01
  -2.27143454040472786426e-01
  -2.37848275012860682631e-01
  -2.49057580844678244647e-01
  -2.60795144536295209203e-01
  -2.73085859084174986666e-01
  -2.85955790206757376470e-01
  -2.99432231546655991394e-01
  -3.13543762464606801110e-01
  -3.28320308545853700721e-01
  -3.43793204945131714023e-01
  -3.59995262702099472207e-01
  -3.76960838165012968037e-01
  -3.94725905666585663578e-01
  -4.13328133602404057534e-01
  -4.32806964068909394427e-01
  -4.53203696224872165654e-01
  -4.74561573547436998943e-01
  -4.96925875161233487898e-01
  -5.20344011426702945933e-01
  -5.44865623981717672741e-01
  -5.70542690438717525758e-01
  -5.97429633948000748944e-01
  -6.25583437846422563133e-01
  -6.55063765619609328361e-01
  -6.85933086414822645871e-01
  -7.18256806350837995190e-01
  -7.52103405880544140238e-01
  -7.87544583471439296751e-01
  -8.24655405878750857873e-01
  -8.63514465295402988687e-01
  -9.04204043672607316040e-01
  -9.46810284514154165691e-01
  -9.91423372456674223407e-01
  -1.03813772095693024333e+00
  -1.08705216841556651097e+00
  -1.13827018307453919910e+00
  -1.19190007703239331249e+00
  -1.24805522972762972245e+00
  -1.30685432124515354957e+00
  -1.36842157580415846319e+00
  -1.43288701578730504060e+00
  -1.50038672667036077080e+00
  -1.57106313320826873614e+00
  -1.64506528722718714519e+00
  -1.72254916736210028638e+00
  -1.80367799106519677288e+00
  -1.88862253919086064968e+00
  -1.97756149343777942740e+00
  -2.07068178689638715539e+00
  -2.16817896790958464237e+00
  -2.27025757740499933846e+00
  -2.37713153979654689962e+00
  -2.48902456748003020337e+00
  -2.60617057886006842082e+00
  -2.72881412974154136108e+00
  -2.85721085779557570916e+00
  -2.99162793966494655606e+00
  -3.13234456010369122225e+00
  -3.27965239234684391434e+00
  -3.43385608867479374950e+00
  -3.59527377986817420208e+00
  -3.76423758193832558305e+00
  -3.94109410815993044253e+00
  -4.12620498401977187086e+00
  -4.31994736222231612288e+00
  -4.52271443435096820451e+00
  -4.73491593516568709532e+00
  -4.95697863481387912543e+00
  -5.18934681343273762621e+00
  -5.43248271171751628827e+00
  -5.68686695001037278985e+00
  -5.95299890731839376201e+00
  -6.23139705038510971491e+00
  -6.52259920150712524389e+00
  -6.82716273219599045774e+00
  -7.14566466802579824957e+00
  -7.47870168807300483849e+00
  -7.82689000024149628132e+00
  -8.19086507147385844974e+00
  -8.57128118938416427852e+00
  -8.96881082922131156465e+00
  -9.38414379730776637700e+00
  -9.81798611923049868722e+00
  -1.02710586381389425981e+01
  -1.07440952855960443202e+01
  -1.12378409846241442693e+01
  -1.17530491420027054517e+01
  -1.22904786846573905734e+01
  -1.28508905933113268816e+01
  -1.34350438856692946388e+01
  -1.40436910015372333760e+01
  -1.46775725437471908918e+01
  -1.53374113319111273768e+01
  -1.60239057312524444399e+01
  -1.67377222264814058406e+01
  -1.74794872213251260007e+01
  -1.82497780583291842049e+01
  -1.90491132713159920797e+01
  -1.98779421047484063934e+01
  -2.07366333604175068217e+01
  -2.16254636623915565963e+01
  -2.25446052658249982414e+01
  -2.34941135735221280356e+01
  -2.44739145651868916786e+01
  -2.54837923867413067569e+01
  -2.65233773891508874954e+01
  -2.75921349455599980161e+01
  -2.86893554094654987807e+01
  -2.98141456020319104425e+01
  -3.09654222301662507277e+01
  -3.21419076353420578585e+01
  -3.33421282534287755084e+01
  -3.45644161256527482351e+01
  -3.58069137390207501426e+01
  -3.70675823911884307904e+01
  -3.83442141715950768344e+01
  -3.96344475312491439922e+01
  -4.09357862831266530179e+01
  -4.22456217405522949093e+01
  -4.35612575700879531837e+01
  -4.48799368167268113439e+01
  -4.61988704606917650608e+01
  -4.75152667939018300558e+01
  -4.88263608654583194379e+01
  -5.01294432422246600822e+01
  -5.14218873629768111755e+01
  -5.27011748302463445270e+01
  -5.39649180779948309805e+01
  -5.52108799688862887933e+01
  -5.64369900041900720566e+01
  -5.76413569638677429907e+01
  -5.88222779261266239814e+01
  -5.99782437376011472452e+01
  -6.11079411117628126249e+01
  -6.22102516202962618763e+01
  -6.32842479079493145377e+01
  -6.43291875053806165852e+01
  -6.53445046378284786215e+01
  -6.63298004321432017605e+01
  -6.72848319137269328394e+01
  -6.82095001614601272877e+01
  -6.91038379560842912497e+01
  -6.99679972189200896082e+01
  -7.08022364960475840689e+01
  -7.16069087005485869213e+01
  -7.23824492840034423580e+01
  -7.31293649695615215478e+01
  -7.38482231435338718484e+01
  -7.45396419711597104651e+01
  -7.52042812752343223792e+01
  -7.58428341936503187526e+01
  -7.64560196134115983568e+01
  -7.70445753640183710331e+01
  -7.76092521418949132794e+01
  -7.81508081293165730585e+01
  -7.86700042656433993216e+01
  -7.91676001251685619309e+01
  -7.96443503541422046510e+01
  -8.01010016191796694329e+01
  -8.05382900199967650678e+01
  -8.09569389209623153647e+01
  -8.13576571580873633138e+01
  -8.17411375806033220215e+01
  -8.21080558890536735817e+01
  -8.24590697347210834778e+01
  -8.27948180481373157136e+01
  -8.31159205673053236296e+01
  -8.34229775390488299536e+01
  -8.37165695695578619961e+01
  -8.39972576026955124462e+01
  -8.42655830069554241391e+01
  -8.45220677541025082746e+01
  -8.47672146745039469806e+01
  -8.50015077759357353671e+01
  -8.52254126142871655247e+01
  -8.54393767060296340787e+01
  -8.56438299736424681896e+01
  -8.58391852163469479819e+01
  -8.60258385995487202536e+01
  -8.62041701573084822030e+01
  -8.63745443029827129067e+01
  -8.65373103438891035921e+01
  -8.66928029964954021125e+01
  -8.68413428991722042838e+01
  -8.69832371200467662220e+01
  -8.71187796579128388430e+01
  -8.72482519345180946857e+01
  -8.73719232768746678630e+01
  -8.74900513885087178778e+01
  -8.76028828088058304502e+01
  -8.77106533598155522213e+01
  -8.78135885800485169739e+01
  -8.79119041449495739471e+01
  -8.80058062738663693381e+01
  -8.80954921234244352490e+01
  -8.81811501673231958875e+01
  -8.82629605626399040830e+01
  -8.83410955027849666976e+01
  -8.84157195573136789335e+01
  -8.84869899988295145477e+01
  -8.85550571172594516156e+01
  -8.86200645218033145056e+01
  -8.86821494308741478108e+01
  -8.87414429503691053469e+01
  -8.87980703406239371134e+01
  -8.88521512723990696259e+01
  -8.89038000722590169289e+01
  -8.89531259577041168995e+01
  -8.90002332624189591570e+01
  -8.90452216519782808746e+01
  -8.90881863303862928660e+01
</dep>
<dep Pr1.v acfrequency>
  +1.00000000000000000000e+00
  +1.00000000000000000000e+00
  +1.00000000000000000000e+00
  +1.00000000000000000000e+00
  +1.00000000000000000000e+00
  +1.00000000000000000000e+00
  +1.00000000000000000000e+00
  +1.00000000000000000000e+00
  +1.00000000000000000000e+00
  +1.00000000000000000000e+00
  +1.00000000000000000000e+00
  +1.00000000000000000000e+00
  +1.00000000000000000000e+00
  +1.00000000000000000000e+00
  +1.00000000000000000000e+00
  +1.00000000000000000000e+00
  +1.00000000000000000000e+00
  +1.00000000000000000000e+00
  +1.00000000000000000000e+00
  +1.00000000000000000000e+00
  +1.00000000000000000000e+00
  +1.00000000000000000000e+00
  +1.00000000000000000000e+00
  +1.00000000000000000000e+00
  +1.00000000000000000000e+00
  +1.00000000000000000000e+00
  +1.00000000000000000000e+00
  +1.00000000000000000000e+00
  +1.00000000000000000000e+00
  +1.00000000000000000000e+00
  +1.00000000000000000000e+00
  +1.00000000000000000000e+00
  +1.00000000000000000000e+00
  +1.00000000000000000000e+00
  +1.00000000000000000000e+00
  +1.00000000000000000000e+00
  +1.00000000000000000000e+00
  +1.00000000000000000000e+00
  +1.00000000000000000000e+00
  +1.00000000000000000000e+00
  +1.00000000000000000000e+00
  +1.00000000000000000000e+00
  +1.00000000000000000000e+00
  +1.00000000000000000000e+00
  +1.00000000000000000000e+00
  +1.00000000000000000000e+00
  +1.00000000000000000000e+00
  +1.00000000000000000000e+00
  +1.00000000000000000000e+00
  +1.00000000000000000000e+00
  +1.00000000000000000000e+00
  +1.00000000000000000000e+00
  +1.00000000000000000000e+00
  +1.00000000000000000000e+00
  +1.00000000000000000000e+00
  +1.00000000000000000000e+00
  +1.00000000000000000000e+00
  +1.00000000000000000000e+00
  +1.00000000000000000000e+00
  +1.00000000000000000000e+00
  +1.00000000000000000000e+00
  +1.00000000000000000000e+00
  +1.00000000000000000000e+00
  +1.00000000000000000000e+00
  +1.00000000000000000000e+00
  +1.00000000000000000000e+00
  +1.00000000000000000000e+00
  +1.00000000000000000000e+00
  +1.00000000000000000000e+00
  +1.00000000000000000000e+00
  +1.00000000000000000000e+00
  +1.00000000000000000000e+00
  +1.00000000000000000000e+00
  +1.00000000000000000000e+00
  +1.00000000000000000000e+00
  +1.00000000000000000000e+00
  +1.00000000000000000000e+00
  +1.00000000000000000000e+00
  +1.00000000000000000000e+00
  +1.00000000000000000000e+00
  +1.00000000000000000000e+00
  +1.00000000000000000000e+00
  +1.00000000000000000000e+00
  +1.00000000000000000000e+00
  +1.00000000000000000000e+00
  +1.00000000000000000000e+00
  +1.00000000000000000000e+00
  +1.00000000000000000000e+00
  +1.00000000000000000000e+00
  +1.00000000000000000000e+00
  +1.00000000000000000000e+00
  +1.00000000000000000000e+00
  +1.00000000000000000000e+00
  +1.00000000000000000000e+00
  +1.00000000000000000000e+00
  +1.00000000000000000000e+00
  +1.00000000000000000000e+00
  +1.00000000000000000000e+00
  +1.00000000000000000000e+00
  +1.00000000000000000000e+00
  +1.00000000000000000000e+00
  +1.00000000000000000000e+00
  +1.00000000000000000000e+00
  +1.00000000000000000000e+00
  +1.00000000000000000000e+00
  +1.00000000000000000000e+00
  +1.00000000000000000000e+00
  +1.00000000000000000000e+00
  +1.00000000000000000000e+00
  +1.00000000000000000000e+00
  +1.00000000000000000000e+00
  +1.00000000000000000000e+00
  +1.00000000000000000000e+00
  +1.00000000000000000000e+00
  +1.00000000000000000000e+00
  +1.00000000000000000000e+00
  +1.00000000000000000000e+00
  +1.00000000000000000000e+00
  +1.00000000000000000000e+00
  +1.00000000000000000000e+00
  +1.00000000000000000000e+00
  +1.00000000000000000000e+00
  +1.00000000000000000000e+00
  +1.00000000000000000000e+00
  +1.00000000000000000000e+00
  +1.00000000000000000000e+00
  +1.00000000000000000000e+00
  +1.00000000000000000000e+00
  +1.00000000000000000000e+00
  +1.00000000000000000000e+00
  +1.00000000000000000000e+00
  +1.00000000000000000000e+00
  +1.00000000000000000000e+00
  +1.00000000000000000000e+00
  +1.00000000000000000000e+00
  +1.00000000000000000000e+00
  +1.00000000000000000000e+00
  +1.00000000000000000000e+00
  +1.00000000000000000000e+00
  +1.00000000000000000000e+00
  +1.00000000000000000000e+00
  +1.00000000000000000000e+00
  +1.00000000000000000000e+00
  +1.00000000000000000000e+00
  +1.00000000000000000000e+00
  +1.00000000000000000000e+00
  +1.00000000000000000000e+00
  +1.00000000000000000000e+00
  +1.00000000000000000000e+00
  +1.00000000000000000000e+00
  +1.00000000000000000000e+00
  +1.00000000000000000000e+00
  +1.00000000000000000000e+00
  +1.00000000000000000000e+00
  +1.00000000000000000000e+00
  +1.00000000000000000000e+00
  +1.00000000000000000000e+00
  +1.00000000000000000000e+00
  +1.00000000000000000000e+00
  +1.00000000000000000000e+00
  +1.00000000000000000000e+00
  +1.00000000000000000000e+00
  +1.00000000000000000000e+00
  +1.00000000000000000000e+00
  +1.00000000000000000000e+00
  +1.00000000000000000000e+00
  +1.00000000000000000000e+00
  +1.00000000000000000000e+00
  +1.00000000000000000000e+00
  +1.00000000000000000000e+00
  +1.00000000000000000000e+00
  +1.00000000000000000000e+00
  +1.00000000000000000000e+00
  +1.00000000000000000000e+00
  +1.00000000000000000000e+00
  +1.00000000000000000000e+00
  +1.00000000000000000000e+00
  +1.00000000000000000000e+00
  +1.00000000000000000000e+00
  +1.00000000000000000000e+00
  +1.00000000000000000000e+00
  +1.00000000000000000000e+00
  +1.00000000000000000000e+00
  +1.00000000000000000000e+00
  +1.00000000000000000000e+00
  +1.00000000000000000000e+00
  +1.00000000000000000000e+00
  +1.00000000000000000000e+00
  +1.00000000000000000000e+00
  +1.00000000000000000000e+00
  +1.00000000000000000000e+00
  +1.00000000000000000000e+00
  +1.00000000000000000000e+00
  +1.00000000000000000000e+00
  +1.00000000000000000000e+00
  +1.00000000000000000000e+00
  +1.00000000000000000000e+00
  +1.00000000000000000000e+00
  +1.00000000000000000000e+00
  +1.00000000000000000000e+00
  +1.00000000000000000000e+00
  +1.00000000000000000000e+00
  +1.00000000000000000000e+00
  +1.00000000000000000000e+00
  +1.00000000000000000000e+00
  +1.00000000000000000000e+00
  +1.00000000000000000000e+00
  +1.00000000000000000000e+00
  +1.00000000000000000000e+00
  +1.00000000000000000000e+00
  +1.00000000000000000000e+00
  +1.00000000000000000000e+00
  +1.00000000000000000000e+00
  +1.00000000000000000000e+00
  +1.00000000000000000000e+00
  +1.00000000000000000000e+00
  +1.00000000000000000000e+00
  +1.00000000000000000000e+00
  +1.00000000000000000000e+00
  +1.00000000000000000000e+00
  +1.00000000000000000000e+00
  +1.00000000000000000000e+00
  +1.00000000000000000000e+00
  +1.00000000000000000000e+00
  +1.00000000000000000000e+00
  +1.00000000000000000000e+00
  +1.00000000000000000000e+00
  +1.00000000000000000000e+00
  +1.00000000000000000000e+00
  +1.00000000000000000000e+00
  +1.00000000000000000000e+00
  +1.00000000000000000000e+00
  +1.00000000000000000000e+00
  +1.00000000000000000000e+00
  +1.00000000000000000000e+00
  +1.00000000000000000000e+00
  +1.00000000000000000000e+00
  +1.00000000000000000000e+00
  +1.00000000000000000000e+00
  +1.00000000000000000000e+00
  +1.00000000000000000000e+00
  +1.00000000000000000000e+00
  +1.00000000000000000000e+00
  +1.00000000000000000000e+00
  +1.00000000000000000000e+00
  +1.00000000000000000000e+00
  +1.00000000000000000000e+00
  +1.00000000000000000000e+00
  +1.00000000000000000000e+00
  +1.00000000000000000000e+00
  +1.00000000000000000000e+00
</dep>
<dep Pr2.v acfrequency>
  +3.94784020189090116111e-07+j6.28318282667843014053e-04
  +4.32872053835835827076e-07+j6.57929985984542949062e-04
  +4.74634748928677209415e-07+j6.88937242171253462833e-04
  +5.20426629500863349677e-07+j7.21405821058429519953e-04
  +5.70636423288430469113e-07+j7.55404592031649608878e-04
  +6.25690361614157410447e-07+j7.91005670097078852042e-04
  +6.86055797632782359576e-07+j8.28284568828989431477e-04
  +7.52245173651291192865e-07+j8.67320360523428477047e-04
  +8.24820371201034183527e-07+j9.08195843897333294527e-04
  +9.04397480787259145118e-07+j9.50997719688357712013e-04
  +9.91652031803816186092e-07+j9.95816774527354640900e-04
  +1.08732472700657273033e-06+j1.04274807347293175727e-03
  +1.19222773022162892371e-06+j1.09189116161578498969e-03
  +1.30725156066001697011e-06+j1.14335027517964687299e-03
  +1.43337265235907676287e-06+j1.19723456256571399343e-03
  +1.57166164291580874699e-06+j1.25365831580837418582e-03
  +1.72329246186706247225e-06+j1.31274121293199048065e-03
  +1.88955229585790074009e-06+j1.37460857172142718145e-03
  +2.07185251518053472765e-06+j1.43939161544302807183e-03
  +2.27174065442483030336e-06+j1.50722775107786188635e-03
  +2.49091354892678423734e-06+j1.57826086065532148264e-03
  +2.73123173850939961654e-06+j1.65264160630264615899e-03
  +2.99473526076414981936e-06+j1.73052774965467334040e-03
  +3.28366096791188303116e-06+j1.81208448629817798874e-03
  +3.60046151420952336775e-06+j1.89748479595658672836e-03
  +3.94782617504270602740e-06+j1.98690980915370131801e-03
  +4.32870367438470641933e-06+j2.08054919112940104806e-03
  +4.74632721434034251970e-06+j2.17860154381619699690e-03
  +5.20424191917389945681e-06+j2.28127482672297633715e-03
  +5.70633492670132693510e-06+j2.38878679761150543651e-03
  +6.25686838238140458632e-06+j2.50136547389210022602e-03
  +6.86051561605920474831e-06+j2.61924961570765297419e-03
  +7.52240080830558718622e-06+j2.74268923171978526443e-03
  +8.24814248288683715248e-06+j2.87194610865740621031e-03
  +9.04390119433948468661e-06+j3.00729436573652893563e-03
  +9.91643181519034475795e-06+j3.14902103511081670958e-03
  +1.08731408663514059491e-05+j3.29742666956508783879e-03
  +1.19221493769624701180e-05+j3.45282597871898353989e-03
  +1.30723618068118117570e-05+j3.61554849506525149277e-03
  +1.43335416158316922720e-05+j3.78593927122668465896e-03
  +1.57163941214738397077e-05+j3.96435960987769932251e-03
  +1.72326573464940982993e-05+j4.15118782784095179811e-03
  +1.88952016273344619980e-05+j4.34682005593628462137e-03
  +2.07181388274529926100e-05+j4.55167107622865552141e-03
  +2.27169420812404792198e-05+j4.76617519839367138196e-03
  +2.49085770832585659453e-05+j4.99078717699385100010e-03
  +2.73116460351836381993e-05+j5.22598317153571446936e-03
  +2.99465454698605753117e-05+j5.47226175125742689276e-03
  +3.28356392891550062153e-05+j5.73014494667870282613e-03
  +3.60034484808195395268e-05+j6.00017935002921613125e-03
  +3.94768591204273456077e-05+j6.28293726675838593715e-03
  +4.32853504187484579443e-05+j6.57901792041848659104e-03
  +4.74612447440254052846e-05+j6.88904871330380148831e-03
  +5.20399817338492720067e-05+j7.21368654532135965274e-03
  +5.70604188142659750241e-05+j7.55361919366277865390e-03
  +6.25651606660335455690e-05+j7.90956675594209693281e-03
  +6.86009204214196101649e-05+j8.28228315956034896739e-03
  +7.52189156415694935116e-05+j8.67255774015366319440e-03
  +8.24753024164574349538e-05+j9.08121689207722765369e-03
  +9.04316512491261620225e-05+j9.50912579397173232665e-03
  +9.91554687358999566104e-05+j9.95719021255091554790e-03
  +1.08720769437343337308e-04+j1.04263583878378314485e-02
  +1.19208702753973233503e-04+j1.09176230031614932003e-02
  +1.30708240079469050540e-04+j1.14320232433040656211e-02
  +1.43316928005950426682e-04+j1.19706469442590023033e-02
  +1.57141713904760386327e-04+j1.25346328381214060232e-02
  +1.72299850806332909134e-04+j1.31251728966800679244e-02
  +1.88919889158770955935e-04+j1.37435147773141055211e-02
  +2.07142763761699423087e-04+j1.43909643748124337070e-02
  +2.27122984955153582511e-04+j1.50688884827268748667e-02
  +2.49029943998580426383e-04+j1.57787175678371430210e-02
  +2.73049343508656016527e-04+j1.65219486612404632686e-02
  +2.99384764843345157429e-04+j1.73001483694772070776e-02
  +3.28259385430590671512e-04+j1.81149560089575549504e-02
  +3.59917860250945310582e-04+j1.89680868667564291041e-02
  +3.94628383002547161382e-04+j1.98613355905859455264e-02
  +4.32684943912720358303e-04+j2.07965797104242983151e-02
  +4.74409802722449672370e-04+j2.17757832938686862745e-02
  +5.20156197067545684153e-04+j2.28010007367702612069e-02
  +5.70311308323692635509e-04+j2.38743806900889206368e-02
  +6.25299508982140889862e-04+j2.49981701231551667330e-02
  +6.85585917789300887219e-04+j2.61747185226246480150e-02
  +7.51680291227957019136e-04+j2.74064822253374355820e-02
  +8.24141282451038492338e-04+j2.86960288820177766844e-02
  +9.03581101511836243777e-04+j3.00460420472452027774e-02
  +9.90670613677441464287e-04+j3.14593258893549332367e-02
  +1.08614491577476162017e-03+j3.29388100118492149759e-02
  +1.19080943390914009358e-03+j3.44875543754736765822e-02
  +1.30554658952116808650e-03+j3.61087543072833999647e-02
  +1.43132308461226855079e-03+j3.78057455797359553973e-02
  +1.56919786107549892075e-03+j3.95820095390354703691e-02
  +1.72033079341194546780e-03+j4.14411782575397347195e-02
  +1.88599217868754150638e-03+j4.33870396799490229411e-02
  +2.06757309237529020990e-03+j4.54235427271252809045e-02
  +2.26659668371109214446e-03+j4.75548023146399115313e-02
  +2.48473048933430971583e-03+j4.97851042354003903156e-02
  +2.72379984924040136410e-03+j5.21189098468269884634e-02
  +2.98580251438072255196e-03+j5.45608604929013196738e-02
  +3.27292454052181564644e-03+j5.71157815798214035796e-02
  +3.58755756811845539014e-03+j5.97886862108032227092e-02
  +3.93231759282747835721e-03+j6.25847782705716559892e-02
  +4.31006533572476837474e-03+j6.55094548330739240294e-02
  +4.72392832607725857846e-03+j6.85683077467086482537e-02
  +5.17732481240681073620e-03+j7.17671242296474276579e-02
  +5.67398961924840683491e-03+j7.51118862833910494459e-02
  +6.21800206706692171199e-03+j7.86087687052842293278e-02
  +6.81381607079212855277e-03+j8.22641354500583399378e-02
  +7.46629252780433606829e-03+j8.60845340563192590322e-02
  +8.18073409828998406035e-03+j9.00766878160107614670e-02
  +8.96292246890341252896e-03+j9.42474853230569759033e-02
  +9.81915817369087041977e-03+j9.86039669914497429737e-02
  +1.07563030231771997874e-02+j1.03153308082924749511e-01
  +1.17818251621258727330e-02+j1.07902797730063379489e-01
  +1.29038467373152210965e-02+j1.12859813382333321052e-01
  +1.41311941070753378791e-02+j1.18031790040579745438e-01
  +1.54734504624330082567e-02+j1.23426183580388010297e-01
  +1.69410106534318670446e-02+j1.29050427397479711145e-01
  +1.85451379212264039209e-02+j1.34911881540170863758e-01
  +2.02980221243973003864e-02+j1.41017773426737880182e-01
  +2.22128389139474406722e-02+j1.47375129181726127747e-01
  +2.43038091528613893477e-02+j1.53990694567959773842e-01
  +2.65862576902079622565e-02+j1.60870844444348654045e-01
  +2.90766703839278987942e-02+j1.68021479648622074077e-01
  +3.17927480184172078781e-02+j1.75447910195176276504e-01
  +3.47534554811185364409e-02+j1.83154723698954746691e-01
  +3.79790642458374752555e-02+j1.91145637995869588366e-01
  +4.14911858600269939368e-02+j1.99423337039464076970e-01
  +4.53127937513512490941e-02+j2.07989289324712001150e-01
  +4.94682302604868284757e-02+j2.16843548337003311222e-01
  +5.39831953806509876048e-02+j2.25984534862776476061e-01
  +5.88847132521827312801e-02+j2.35408801444191878582e-01
  +6.42010720400633394522e-02+j2.45110779830202379914e-01
  +6.99617324369097987047e-02+j2.55082512986163079116e-01
  +7.61971997138593676313e-02+j2.65313374087371600663e-01
  +8.29388540245022398700e-02+j2.75789775948283744089e-01
  +9.02187335980450949569e-02+j2.86494875531849713113e-01
  +9.80692655902313109584e-02+j2.97408279536437891721e-01
  +1.06522939753839904209e-01+j3.08505758552477749035e-01
  +1.15611920809016610612e-01+j3.19758978882323630089e-01
  +1.25367596502521605473e-01+j3.31135262769917837478e-01
  +1.35820059905551182577e-01+j3.42597389413293207383e-01
  +1.46997526562593655575e-01+j3.54103450628588556359e-01
  +1.58925689699872391136e-01+j3.65606776268291133736e-01
  +1.71627019832612276451e-01+j3.77055945313143736630e-01
  +1.85120018736089186895e-01+j3.88394898781175057501e-01
  +1.99418441774563998115e-01+j3.99563170042946780303e-01
  +2.14530506861582731526e-01+j4.10496246617792048816e-01
  +2.30458112634023992715e-01+j4.21126074893478308248e-01
  +2.47196092472213774238e-01+j4.31381715350433625478e-01
  +2.64731534441299931615e-01+j4.41190150744160181073e-01
  +2.83043199675102163937e-01+j4.50477243368388624578e-01
  +3.02101072770689704772e-01+j4.59168830171962083497e-01
  +3.21866077035227848846e-01+j4.67191936455650602689e-01
  +3.42289984626575061188e-01+j4.74476080588804971505e-01
  +3.63315546582560433553e-01+j4.80954634236926636959e-01
  +3.84876860441398793711e-01+j4.86566195638549137126e-01
  +4.06899983827401057201e-01+j4.91255928196965230281e-01
  +4.29303791446879856597e-01+j4.94976813695564676898e-01
  +4.52001061056682307271e-01+j4.97690769313954339825e-01
  +4.74899761950713261704e-01+j4.99369580621276065724e-01
  +4.97904508275828217023e-01+j4.99995608895152210405e-01
  +5.20918129961055909050e-01+j4.99562240205294494366e-01
  +5.43843307048291202399e-01+j4.98074055163556184134e-01
  +5.66584209376004399594e-01+j4.95546711281360852119e-01
  +5.89048083241537345778e-01+j4.92006543524583894733e-01
  +6.11146729882277583989e-01+j4.87489901881542675444e-01
  +6.32797827076315710926e-01+j4.82042256574886807119e-01
  +6.53926054286680935590e-01+j4.75717111119343394332e-01
  +6.74463992763887243420e-01+j4.68574770158277087440e-01
  +6.94352783965894282403e-01+j4.60681012594079508649e-01
  +7.13542541626490223194e-01+j4.52105720949977307743e-01
  +7.31992523959854812787e-01+j4.42921515425403755639e-01
  +7.49671082147684297858e-01+j4.33202436211067798411e-01
  +7.66555408940454707789e-01+j4.23022710932388357197e-01
  +7.82631116665561066270e-01+j4.12455636271803260939e-01
  +7.97891677135621590899e-01+j4.01572594549636452399e-01
  +8.12337757035057284050e-01+j3.90442217914904188270e-01
  +8.25976481612500257334e-01+j3.79129705292971408426e-01
  +8.38820657285471726894e-01+j3.67696290702858474830e-01
  +8.50887980472506688656e-01+j3.56198856202438907115e-01
  +8.62200256001015907792e-01+j3.44689678628180895537e-01
  +8.72782644154025732952e-01+j3.33216296446516957452e-01
  +8.82662951115728899865e-01+j3.21821481326839520243e-01
  +8.91870973487750018371e-01+j3.10543298330141326336e-01
  +9.00437903840378139897e-01+j2.99415238703583774793e-01
  +9.08395801037892414165e-01+j2.88466409993638872589e-01
  +9.15777126382768424939e-01+j2.77721769360789294545e-01
  +9.22614344465268132467e-01+j2.67202387437297683714e-01
  +9.28939585956240487796e-01+j2.56925731680750557562e-01
  +9.34784368394260489765e-01+j2.46905959830871546412e-01
  +9.40179370233566458204e-01+j2.37154215692618269840e-01
  +9.45154252971638020320e-01+j2.27678920985810356870e-01
  +9.49737526000035248153e-01+j2.18486058382148545798e-01
  +9.53956448858599870277e-01+j2.09579442073141802849e-01
  +9.57836965767012271655e-01+j2.00960973269079301584e-01
  +9.61403667612113155272e-01+j1.92630878921554699046e-01
  +9.64679776945335465399e-01+j1.84587932698844797708e-01
  +9.67687151960576752430e-01+j1.76829657837717618696e-01
  +9.70446305854322677220e-01+j1.69352511962536728118e-01
  +9.72976438398403531416e-01+j1.62152054319275262806e-01
  +9.75295476968142338592e-01+j1.55223096134647742250e-01
  +9.77420124655848709949e-01+j1.48559834994502870664e-01
  +9.79365913456072156862e-01+j1.42155974255131350992e-01
  +9.81147260831797818348e-01+j1.36004828568907637498e-01
  +9.82777528258942933981e-01+j1.30099416632764280921e-01
  +9.84269080600607138010e-01+j1.24432542263841511287e-01
  +9.85633345384070769235e-01+j1.18996864879188313235e-01
  +9.86880871244701363132e-01+j1.13784960412176505695e-01
  +9.88021384964274940188e-01+j1.08789373642608377946e-01
  +9.89063846669478996532e-01+j1.04002662854622299204e-01
  +9.90016502872287151860e-01+j9.94174376697262857094e-02
  +9.90886937130159517473e-01+j9.50263908341820728864e-02
  +9.91682118183177196968e-01+j9.08223246724301769284e-02
  +9.92408445489550428142e-01+j8.67981728526835416559e-02
  +9.93071792132657948926e-01+j8.29470180482032026781e-02
  +9.93677545113684335121e-01+j7.92621060187413961629e-02
  +9.94230643075822095867e-01+j7.57368565815841332522e-02
  +9.94735611530276897518e-01+j7.23648718907383275978e-02
  +9.95196595672327433135e-01+j6.91399423961108067216e-02
  +9.95617390888503095425e-01+j6.60560508119630851454e-02
  +9.96001471064541399336e-01+j6.31073743853362290057e-02
  +9.96352014808950303681e-01+j6.02882857203248939681e-02
  +9.96671929709450843404e-01+j5.75933523828072932438e-02
  +9.96963874739838162853e-01+j5.50173354822500598749e-02
  +9.97230280933406709742e-01+j5.25551874022486542604e-02
  +9.97473370436391948424e-01+j5.02020488292707553479e-02
  +9.97695174051233091284e-01+j4.79532452093998848297e-02
  +9.97897547375132698555e-01+j4.58042827454746906413e-02
  +9.98082185634575846933e-01+j4.37508440316747293508e-02
  +9.98250637311371535887e-01+j4.17887834090935952891e-02
  +9.98404316650518763865e-01+j3.99141221139756446901e-02
  +9.98544515134886956353e-01+j3.81230432798925975013e-02
  +9.98672412006430643139e-01+j3.64118868460378414253e-02
  +9.98789083908496744257e-01+j3.47771444158726933393e-02
  +9.98895513718757066535e-01+j3.32154541034358138929e-02
  +9.98992598637480466728e-01+j3.17235953986041777086e-02
  +9.99081157591241386662e-01+j3.02984840773684351023e-02
  +9.99161938007771754933e-01+j2.89371671786536298343e-02
  +9.99235622013519120266e-01+j2.76368180653017506132e-02
  +9.99302832101558902167e-01+j2.63947315834532486578e-02
  +9.99364136313845796700e-01+j2.52083193316572119758e-02
  +9.99420052978353568029e-01+j2.40751050485429364534e-02
  +9.99471055038446687391e-01+j2.29927201257486488184e-02
  +9.99517574008848552758e-01+j2.19588992509787347962e-02
  +9.99560003589801682189e-01+j2.09714761845087964420e-02
  +9.99598702968440999683e-01+j2.00283796711439622540e-02
  +9.99633999834028230680e-01+j1.91276294885257894252e-02
  +9.99666193131495295354e-01+j1.82673326317530498875e-02
  +9.99695555575717653696e-01+j1.74456796335052503888e-02
  +9.99722335947061169215e-01+j1.66609410182143556634e-02
  +9.99746761187034871377e-01+j1.59114638883029492489e-02
</dep>
<dep V1.i acfrequency>
  -9.99999605215979876088e-04+j6.28318282667843040311e-07
  -9.99999567127946280970e-04+j6.57929985984542937204e-07
  -9.99999525365251199296e-04+j6.88937242171253519584e-07
  -9.99999479573370495325e-04+j7.21405821058429530964e-07
  -9.99999429363576707377e-04+j7.55404592031649633442e-07
  -9.99999374309638302746e-04+j7.91005670097078819855e-07
  -9.99999313944202345567e-04+j8.28284568828989454347e-07
  -9.99999247754826316864e-04+j8.67320360523428452483e-07
  -9.99999175179628729121e-04+j9.08195843897333364831e-07
  -9.99999095602519287238e-04+j9.50997719688357699308e-07
  -9.99999008347968263571e-04+j9.95816774527354590078e-07
  -9.99998912675273020009e-04+j1.04274807347293172847e-06
  -9.99998807772269852207e-04+j1.09189116161578500663e-06
  -9.99998692748439331132e-04+j1.14335027517964686960e-06
  -9.99998566627347679203e-04+j1.19723456256571399513e-06
  -9.99998428338357177314e-04+j1.25365831580837419768e-06
  -9.99998276707538165387e-04+j1.31274121293199050098e-06
  -9.99998110447704140202e-04+j1.37460857172142728140e-06
  -9.99997928147484732228e-04+j1.43939161544302820397e-06
  -9.99997728259345488450e-04+j1.50722775107786194056e-06
  -9.99997509086451028329e-04+j1.57826086065532154024e-06
  -9.99997268768261417943e-04+j1.65264160630264615221e-06
  -9.99997005264739247457e-04+j1.73052774965467341832e-06
  -9.99996716339032103507e-04+j1.81208448629817807513e-06
  -9.99996399538485803912e-04+j1.89748479595658675716e-06
  -9.99996052173824897039e-04+j1.98690980915370121298e-06
  -9.99995671296325652419e-04+j2.08054919112940128523e-06
  -9.99995253672785735718e-04+j2.17860154381619710871e-06
  -9.99994795758080883344e-04+j2.28127482672297653027e-06
  -9.99994293665073304828e-04+j2.38878679761150545006e-06
  -9.99993743131617675995e-04+j2.50136547389210007694e-06
  -9.99993139484383914556e-04+j2.61924961570765318426e-06
  -9.99992477599191643620e-04+j2.74268923171978532542e-06
  -9.99991751857517204710e-04+j2.87194610865740635938e-06
  -9.99990956098805675728e-04+j3.00729436573652880011e-06
  -9.99990083568184787502e-04+j3.14902103511081690948e-06
  -9.99989126859133613950e-04+j3.29742666956508791333e-06
  -9.99988077850623132206e-04+j3.45282597871898380416e-06
  -9.99986927638193273671e-04+j3.61554849506525138774e-06
  -9.99985666458384249433e-04+j3.78593927122668452682e-06
  -9.99984283605878567641e-04+j3.96435960987769979685e-06
  -9.99982767342653565065e-04+j4.15118782784095225889e-06
  -9.99981104798372717746e-04+j4.34682005593628485854e-06
  -9.99979281861172655116e-04+j4.55167107622865535878e-06
  -9.99977283057918884743e-04+j4.76617519839367150393e-06
  -9.99975091422916715495e-04+j4.99078717699385149476e-06
  -9.99972688353964770866e-04+j5.22598317153571495047e-06
  -9.99970053454530063974e-04+j5.47226175125742681822e-06
  -9.99967164360710848714e-04+j5.73014494667870270415e-06
  -9.99963996551519237327e-04+j6.00017935002921629388e-06
  -9.99960523140879615697e-04+j6.28293726675838575419e-06
  -9.99956714649581244678e-04+j6.57901792041848660459e-06
  -9.99952538755256034944e-04+j6.88904871330380151541e-06
  -9.99947960018266216939e-04+j7.21368654532135992379e-06
  -9.99942939581185833223e-04+j7.55361919366277918245e-06
  -9.99937434839334032821e-04+j7.90956675594209740715e-06
  -9.99931399079578538472e-04+j8.28228315956034860147e-06
  -9.99924781084358558700e-04+j8.67255774015366384493e-06
  -9.99917524697583465221e-04+j9.08121689207722849395e-06
  -9.99909568348750872266e-04+j9.50912579397173229954e-06
  -9.99900844531264113013e-04+j9.95719021255091510066e-06
  -9.99891279230562647976e-04+j1.04263583878378322209e-05
  -9.99880791297246126689e-04+j1.09176230031614927531e-05
  -9.99869291759920494900e-04+j1.14320232433040658922e-05
  -9.99856683071994071718e-04+j1.19706469442590017477e-05
  -9.99842858286095325510e-04+j1.25346328381214062130e-05
  -9.99827700149193620768e-04+j1.31251728966800684258e-05
  -9.99811080110841327029e-04+j1.37435147773141055753e-05
  -9.99792857236238372703e-04+j1.43909643748124347099e-05
  -9.99772877015044905344e-04+j1.50688884827268747448e-05
  -9.99750970056001442288e-04+j1.57787175678371439425e-05
  -9.99726950656491288039e-04+j1.65219486612404645696e-05
  -9.99700615235156724719e-04+j1.73001483694772066981e-05
  -9.99671740614569391548e-04+j1.81149560089575545167e-05
  -9.99640082139748985951e-04+j1.89680868667564285078e-05
  -9.99605371616997572318e-04+j1.98613355905859448216e-05
  -9.99567315056087372233e-04+j2.07965797104242995077e-05
  -9.99525590197277574722e-04+j2.17757832938686884158e-05
  -9.99479843802932423416e-04+j2.28010007367702612882e-05
  -9.99429688691676415893e-04+j2.38743806900889212060e-05
  -9.99374700491017977505e-04+j2.49981701231551670583e-05
  -9.99314414082210639156e-04+j2.61747185226246490450e-05
  -9.99248319708772149775e-04+j2.74064822253374353652e-05
  -9.99175858717549041088e-04+j2.86960288820177772536e-05
  -9.99096418898488261226e-04+j3.00460420472452022082e-05
  -9.99009329386322609060e-04+j3.14593258893549354593e-05
  -9.98913855084225359160e-04+j3.29388100118492162228e-05
  -9.98809190566090927127e-04+j3.44875543754736787506e-05
  -9.98694453410478924504e-04+j3.61087543072834038136e-05
  -9.98568676915387700224e-04+j3.78057455797359588125e-05
  -9.98430802138924530786e-04+j3.95820095390354701522e-05
  -9.98279669206588067543e-04+j4.14411782575397361289e-05
  -9.98114007821312423582e-04+j4.33870396799490270069e-05
  -9.97932426907624688106e-04+j4.54235427271252806334e-05
  -9.97733403316288999796e-04+j4.75548023146399152718e-05
  -9.97515269510665771382e-04+j4.97851042354003931346e-05
  -9.97276200150759529681e-04+j5.21189098468269874334e-05
  -9.97014197485619280484e-04+j5.45608604929013183728e-05
  -9.96727075459478278896e-04+j5.71157815798214023328e-05
  -9.96412442431881617902e-04+j5.97886862108032248234e-05
  -9.96067682407172439243e-04+j6.25847782705716551219e-05
  -9.95689934664275352189e-04+j6.55094548330739266315e-05
  -9.95276071673922672900e-04+j6.85683077467086484705e-05
  -9.94822675187593142426e-04+j7.17671242296474354641e-05
  -9.94326010380751617451e-04+j7.51118862833910575774e-05
  -9.93781997932933125126e-04+j7.86087687052842309541e-05
  -9.93186183929207870580e-04+j8.22641354500583388536e-05
  -9.92533707472195714239e-04+j8.60845340563192666216e-05
  -9.91819265901710059308e-04+j9.00766878160107675386e-05
  -9.91037077531096511143e-04+j9.42474853230569777464e-05
  -9.90180841826309192030e-04+j9.86039669914497406969e-05
  -9.89243696976822720415e-04+j1.03153308082924751571e-04
  -9.88218174837874122063e-04+j1.07902797730063387403e-04
  -9.87096153262684902069e-04+j1.12859813382333327232e-04
  -9.85868805892924646508e-04+j1.18031790040579745655e-04
  -9.84526549537567035111e-04+j1.23426183580387999672e-04
  -9.83058989346568190201e-04+j1.29050427397479704856e-04
  -9.81454862078773694958e-04+j1.34911881540170867227e-04
  -9.79701977875602680532e-04+j1.41017773426737892109e-04
  -9.77787161086052626982e-04+j1.47375129181726125145e-04
  -9.75696190847138620193e-04+j1.53990694567959768421e-04
  -9.73413742309792097591e-04+j1.60870844444348644288e-04
  -9.70923329616072122022e-04+j1.68021479648622086003e-04
  -9.68207251981582851970e-04+j1.75447910195176271083e-04
  -9.65246544518881489580e-04+j1.83154723698954755365e-04
  -9.62020935754162587195e-04+j1.91145637995869581644e-04
  -9.58508814139973053768e-04+j1.99423337039464078054e-04
  -9.54687206248648763916e-04+j2.07989289324712005704e-04
  -9.50531769739513241781e-04+j2.16843548337003309704e-04
  -9.46016804619349057498e-04+j2.25984534862776474977e-04
  -9.41115286747817294741e-04+j2.35408801444191874679e-04
  -9.35798927959936703048e-04+j2.45110779830202409838e-04
  -9.30038267563090175274e-04+j2.55082512986163105137e-04
  -9.23802800286140676604e-04+j2.65313374087371579412e-04
  -9.17061145975497796559e-04+j2.75789775948283733681e-04
  -9.09781266401954880757e-04+j2.86494875531849695766e-04
  -9.01930734409768682103e-04+j2.97408279536437924681e-04
  -8.93477060246160108802e-04+j3.08505758552477763346e-04
  -8.84388079190983364235e-04+j3.19758978882323625318e-04
  -8.74632403497478455243e-04+j3.31135262769917837911e-04
  -8.64179940094448868597e-04+j3.42597389413293209985e-04
  -8.53002473437406306261e-04+j3.54103450628588569803e-04
  -8.41074310300127638354e-04+j3.65606776268291165828e-04
  -8.28372980167387754774e-04+j3.77055945313143736197e-04
  -8.14879981263910853871e-04+j3.88394898781175049694e-04
  -8.00581558225436007090e-04+j3.99563170042946814563e-04
  -7.85469493138417265005e-04+j4.10496246617792046214e-04
  -7.69541887365976051520e-04+j4.21126074893478320391e-04
  -7.52803907527786232701e-04+j4.31381715350433615069e-04
  -7.35268465558700065783e-04+j4.41190150744160205793e-04
  -7.16956800324897863819e-04+j4.50477243368388609833e-04
  -6.97898927229310332525e-04+j4.59168830171962076992e-04
  -6.78133922964772135542e-04+j4.67191936455650593148e-04
  -6.57710015373424907587e-04+j4.74476080588804986250e-04
  -6.36684453417439653183e-04+j4.80954634236926666449e-04
  -6.15123139558601192411e-04+j4.86566195638549160111e-04
  -5.93100016172598901165e-04+j4.91255928196965264108e-04
  -5.70696208553120179832e-04+j4.94976813695564648275e-04
  -5.47998938943317689260e-04+j4.97690769313954297325e-04
  -5.25100238049286795541e-04+j4.99369580621276043172e-04
  -5.02095491724171834151e-04+j4.99995608895152220813e-04
  -4.79081870038944117839e-04+j4.99562240205294509979e-04
  -4.56156692951708805407e-04+j4.98074055163556165919e-04
  -4.33415790623995563109e-04+j4.95546711281360879008e-04
  -4.10951916758462657692e-04+j4.92006543524583866110e-04
  -3.88853270117722445501e-04+j4.87489901881542667637e-04
  -3.67202172923684335912e-04+j4.82042256574886842247e-04
  -3.46073945713319089564e-04+j4.75717111119343394332e-04
  -3.25536007236112718416e-04+j4.68574770158277080934e-04
  -3.05647216034105680300e-04+j4.60681012594079536404e-04
  -2.86457458373509774203e-04+j4.52105720949977298202e-04
  -2.68007476040145139508e-04+j4.42921515425403783828e-04
  -2.50328917852315709948e-04+j4.33202436211067799712e-04
  -2.33444591059545243639e-04+j4.23022710932388374544e-04
  -2.17368883334438916383e-04+j4.12455636271803250965e-04
  -2.02108322864378458540e-04+j4.01572594549636462374e-04
  -1.87662242964942767992e-04+j3.90442217914904179596e-04
  -1.74023518387499739196e-04+j3.79129705292971400186e-04
  -1.61179342714528315607e-04+j3.67696290702858470927e-04
  -1.49112019527493301803e-04+j3.56198856202438924896e-04
  -1.37799743998984138178e-04+j3.44689678628180905078e-04
  -1.27217355845974321692e-04+j3.33216296446516967861e-04
  -1.17337048884271107074e-04+j3.21821481326839517641e-04
  -1.08129026512249963414e-04+j3.10543298330141336744e-04
  -9.95620961596219112774e-05+j2.99415238703583787370e-04
  -9.16041989621075442018e-05+j2.88466409993638891671e-04
  -8.42228736172316236330e-05+j2.77721769360789302785e-04
  -7.73856555347318762067e-05+j2.67202387437297705832e-04
  -7.10604140437595243468e-05+j2.56925731680750571440e-04
  -6.52156316057394755403e-05+j2.46905959830871529932e-04
  -5.98206297664335886338e-05+j2.37154215692618279814e-04
  -5.48457470283620013643e-05+j2.27678920985810358821e-04
  -5.02624739999647405717e-05+j2.18486058382148557074e-04
  -4.60435511414001566108e-05+j2.09579442073141812824e-04
  -4.21630342329877647739e-05+j2.00960973269079316546e-04
  -3.85963323878868620753e-05+j1.92630878921554708370e-04
  -3.53202230546645085801e-05+j1.84587932698844806815e-04
  -3.23128480394232423661e-05+j1.76829657837717632357e-04
  -2.95536941456773323209e-05+j1.69352511962536737009e-04
  -2.70235616015964330225e-05+j1.62152054319275276033e-04
  -2.47045230318576917658e-05+j1.55223096134647755911e-04
  -2.25798753441513316842e-05+j1.48559834994502860473e-04
  -2.06340865439279003840e-05+j1.42155974255131359665e-04
  -1.88527391682020983854e-05+j1.36004828568907638582e-04
  -1.72224717410571388776e-05+j1.30099416632764288077e-04
  -1.57309193993928134181e-05+j1.24432542263841526900e-04
  -1.43666546159292030094e-05+j1.18996864879188310742e-04
  -1.31191287552985449277e-05+j1.13784960412176511333e-04
  -1.19786150357249852189e-05+j1.08789373642608381090e-04
  -1.09361533305210416323e-05+j1.04002662854622303758e-04
  -9.98349712771277701673e-06+j9.94174376697262940578e-05
  -9.11306286984045650634e-06+j9.50263908341820697423e-05
  -8.31788181682277701079e-06+j9.08223246724301818073e-05
  -7.59155451044964471596e-06+j8.67981728526835466433e-05
  -6.92820786734205801283e-06+j8.29470180482032082075e-05
  -6.32245488631569263482e-06+j7.92621060187413944281e-05
  -5.76935692417780005004e-06+j7.57368565815841408417e-05
  -5.26438846972301921490e-06+j7.23648718907383324767e-05
  -4.80340432767252696611e-06+j6.91399423961108040111e-05
  -4.38260911149695835121e-06+j6.60560508119630821096e-05
  -3.99852893545864923608e-06+j6.31073743853362268373e-05
  -3.64798519104968591020e-06+j6.02882857203248980881e-05
  -3.32807029054913057486e-06+j5.75933523828072962253e-05
  -3.03612526016193255696e-06+j5.50173354822500583570e-05
  -2.76971906659328331868e-06+j5.25551874022486543688e-05
  -2.52662956360815045553e-06+j5.02020488292707572453e-05
  -2.30482594876691045116e-06+j4.79532452093998836371e-05
  -2.10245262486719389217e-06+j4.58042827454746949781e-05
  -1.91781436542420510860e-06+j4.37508440316747309771e-05
  -1.74936268862837043803e-06+j4.17887834090935987043e-05
  -1.59568334948123613515e-06+j3.99141221139756469127e-05
  -1.45548486511293609369e-06+j3.81230432798925964171e-05
  -1.32758799356938461678e-06+j3.64118868460378439732e-05
  -1.21091609150318982313e-06+j3.47771444158726956704e-05
  -1.10448628124295601671e-06+j3.32154541034358161697e-05
  -1.00740136251952633328e-06+j3.17235953986041795518e-05
  -9.18842408758561296489e-07+j3.02984840773684341807e-05
  -8.38061992228158331164e-07+j2.89371671786536289127e-05
  -7.64377986480976878703e-07+j2.76368180653017495832e-05
  -6.97167898441050995495e-07+j2.63947315834532496607e-05
  -6.35863686154194626687e-07+j2.52083193316572133310e-05
  -5.79947021646333091272e-07+j2.40751050485429360468e-05
  -5.28944961553307405056e-07+j2.29927201257486502279e-05
  -4.82425991151424690684e-07+j2.19588992509787368020e-05
  -4.39996410198355974996e-07+j2.09714761845087956289e-05
  -4.01297031558988173683e-07+j2.00283796711439625792e-05
  -3.66000165971745033966e-07+j1.91276294885257904823e-05
  -3.33806868504666481856e-07+j1.82673326317530502940e-05
  -3.04444424282330691756e-07+j1.74456796335052524217e-05
  -2.77664052938855071551e-07+j1.66609410182143564494e-05
  -2.53238812965034948421e-07+j1.59114638883029509836e-05
</dep>
<dep _net0.v acfrequency>
  +1.00000000000000000000e+00
  +1.00000000000000000000e+00
  +1.00000000000000000000e+00
  +1.00000000000000000000e+00
  +1.00000000000000000000e+00
  +1.00000000000000000000e+00
  +1.00000000000000000000e+00
  +1.00000000000000000000e+00
  +1.00000000000000000000e+00
  +1.00000000000000000000e+00
  +1.00000000000000000000e+00
  +1.00000000000000000000e+00
  +1.00000000000000000000e+00
  +1.00000000000000000000e+00
  +1.00000000000000000000e+00
  +1.00000000000000000000e+00
  +1.00000000000000000000e+00
  +1.00000000000000000000e+00
  +1.00000000000000000000e+00
  +1.00000000000000000000e+00
  +1.00000000000000000000e+00
  +1.00000000000000000000e+00
  +1.00000000000000000000e+00
  +1.00000000000000000000e+00
  +1.00000000000000000000e+00
  +1.00000000000000000000e+00
  +1.00000000000000000000e+00
  +1.00000000000000000000e+00
  +1.00000000000000000000e+00
  +1.00000000000000000000e+00
  +1.00000000000000000000e+00
  +1.00000000000000000000e+00
  +1.00000000000000000000e+00
  +1.00000000000000000000e+00
  +1.00000000000000000000e+00
  +1.00000000000000000000e+00
  +1.00000000000000000000e+00
  +1.00000000000000000000e+00
  +1.00000000000000000000e+00
  +1.00000000000000000000e+00
  +1.00000000000000000000e+00
  +1.00000000000000000000e+00
  +1.00000000000000000000e+00
  +1.00000000000000000000e+00
  +1.00000000000000000000e+00
  +1.00000000000000000000e+00
  +1.00000000000000000000e+00
  +1.00000000000000000000e+00
  +1.00000000000000000000e+00
  +1.00000000000000000000e+00
  +1.00000000000000000000e+00
  +1.00000000000000000000e+00
  +1.00000000000000000000e+00
  +1.00000000000000000000e+00
  +1.00000000000000000000e+00
  +1.00000000000000000000e+00
  +1.00000000000000000000e+00
  +1.00000000000000000000e+00
  +1.00000000000000000000e+00
  +1.00000000000000000000e+00
  +1.00000000000000000000e+00
  +1.00000000000000000000e+00
  +1.00000000000000000000e+00
  +1.00000000000000000000e+00
  +1.00000000000000000000e+00
  +1.00000000000000000000e+00
  +1.00000000000000000000e+00
  +1.00000000000000000000e+00
  +1.00000000000000000000e+00
  +1.00000000000000000000e+00
  +1.00000000000000000000e+00
  +1.00000000000000000000e+00
  +1.00000000000000000000e+00
  +1.00000000000000000000e+00
  +1.00000000000000000000e+00
  +1.00000000000000000000e+00
  +1.00000000000000000000e+00
  +1.00000000000000000000e+00
  +1.00000000000000000000e+00
  +1.00000000000000000000e+00
  +1.00000000000000000000e+00
  +1.00000000000000000000e+00
  +1.00000000000000000000e+00
  +1.00000000000000000000e+00
  +1.00000000000000000000e+00
  +1.00000000000000000000e+00
  +1.00000000000000000000e+00
  +1.00000000000000000000e+00
  +1.00000000000000000000e+00
  +1.00000000000000000000e+00
  +1.00000000000000000000e+00
  +1.00000000000000000000e+00
  +1.00000000000000000000e+00
  +1.00000000000000000000e+00
  +1.00000000000000000000e+00
  +1.00000000000000000000e+00
  +1.00000000000000000000e+00
  +1.00000000000000000000e+00
  +1.00000000000000000000e+00
  +1.00000000000000000000e+00
  +1.00000000000000000000e+00
  +1.00000000000000000000e+00
  +1.00000000000000000000e+00
  +1.00000000000000000000e+00
  +1.00000000000000000000e+00
  +1.00000000000000000000e+00
  +1.00000000000000000000e+00
  +1.00000000000000000000e+00
  +1.00000000000000000000e+00
  +1.00000000000000000000e+00
  +1.00000000000000000000e+00
  +1.00000000000000000000e+00
  +1.00000000000000000000e+00
  +1.00000000000000000000e+00
  +1.00000000000000000000e+00
  +1.00000000000000000000e+00
  +1.00000000000000000000e+00
  +1.00000000000000000000e+00
  +1.00000000000000000000e+00
  +1.00000000000000000000e+00
  +1.00000000000000000000e+00
  +1.00000000000000000000e+00
  +1.00000000000000000000e+00
  +1.00000000000000000000e+00
  +1.00000000000000000000e+00
  +1.00000000000000000000e+00
  +1.00000000000000000000e+00
  +1.00000000000000000000e+00
  +1.00000000000000000000e+00
  +1.00000000000000000000e+00
  +1.00000000000000000000e+00
  +1.00000000000000000000e+00
  +1.00000000000000000000e+00
  +1.00000000000000000000e+00
  +1.00000000000000000000e+00
  +1.00000000000000000000e+00
  +1.00000000000000000000e+00
  +1.00000000000000000000e+00
  +1.00000000000000000000e+00
  +1.00000000000000000000e+00
  +1.00000000000000000000e+00
  +1.00000000000000000000e+00
  +1.00000000000000000000e+00
  +1.00000000000000000000e+00
  +1.00000000000000000000e+00
  +1.00000000000000000000e+00
  +1.00000000000000000000e+00
  +1.00000000000000000000e+00
  +1.00000000000000000000e+00
  +1.00000000000000000000e+00
  +1.00000000000000000000e+00
  +1.00000000000000000000e+00
  +1.00000000000000000000e+00
  +1.00000000000000000000e+00
  +1.00000000000000000000e+00
  +1.00000000000000000000e+00
  +1.00000000000000000000e+00
  +1.00000000000000000000e+00
  +1.00000000000000000000e+00
  +1.00000000000000000000e+00
  +1.00000000000000000000e+00
  +1.00000000000000000000e+00
  +1.00000000000000000000e+00
  +1.00000000000000000000e+00
  +1.00000000000000000000e+00
  +1.00000000000000000000e+00
  +1.00000000000000000000e+00
  +1.00000000000000000000e+00
  +1.00000000000000000000e+00
  +1.00000000000000000000e+00
  +1.00000000000000000000e+00
  +1.00000000000000000000e+00
  +1.00000000000000000000e+00
  +1.00000000000000000000e+00
  +1.00000000000000000000e+00
  +1.00000000000000000000e+00
  +1.00000000000000000000e+00
  +1.00000000000000000000e+00
  +1.00000000000000000000e+00
  +1.00000000000000000000e+00
  +1.00000000000000000000e+00
  +1.00000000000000000000e+00
  +1.00000000000000000000e+00
  +1.00000000000000000000e+00
  +1.00000000000000000000e+00
  +1.00000000000000000000e+00
  +1.00000000000000000000e+00
  +1.00000000000000000000e+00
  +1.00000000000000000000e+00
  +1.00000000000000000000e+00
  +1.00000000000000000000e+00
  +1.00000000000000000000e+00
  +1.00000000000000000000e+00
  +1.00000000000000000000e+00
  +1.00000000000000000000e+00
  +1.00000000000000000000e+00
  +1.00000000000000000000e+00
  +1.00000000000000000000e+00
  +1.00000000000000000000e+00
  +1.00000000000000000000e+00
  +1.00000000000000000000e+00
  +1.00000000000000000000e+00
  +1.00000000000000000000e+00
  +1.00000000000000000000e+00
  +1.00000000000000000000e+00
  +1.00000000000000000000e+00
  +1.00000000000000000000e+00
  +1.00000000000000000000e+00
  +1.00000000000000000000e+00
  +1.00000000000000000000e+00
  +1.00000000000000000000e+00
  +1.00000000000000000000e+00
  +1.00000000000000000000e+00
  +1.00000000000000000000e+00
  +1.00000000000000000000e+00
  +1.00000000000000000000e+00
  +1.00000000000000000000e+00
  +1.00000000000000000000e+00
  +1.00000000000000000000e+00
  +1.00000000000000000000e+00
  +1.00000000000000000000e+00
  +1.00000000000000000000e+00
  +1.00000000000000000000e+00
  +1.00000000000000000000e+00
  +1.00000000000000000000e+00
  +1.00000000000000000000e+00
  +1.00000000000000000000e+00
  +1.00000000000000000000e+00
  +1.00000000000000000000e+00
  +1.00000000000000000000e+00
  +1.00000000000000000000e+00
  +1.00000000000000000000e+00
  +1.00000000000000000000e+00
  +1.00000000000000000000e+00
  +1.00000000000000000000e+00
  +1.00000000000000000000e+00
  +1.00000000000000000000e+00
  +1.00000000000000000000e+00
  +1.00000000000000000000e+00
  +1.00000000000000000000e+00
  +1.00000000000000000000e+00
  +1.00000000000000000000e+00
  +1.00000000000000000000e+00
  +1.00000000000000000000e+00
  +1.00000000000000000000e+00
  +1.00000000000000000000e+00
  +1.00000000000000000000e+00
  +1.00000000000000000000e+00
  +1.00000000000000000000e+00
  +1.00000000000000000000e+00
  +1.00000000000000000000e+00
</dep>
<dep _net1.v acfrequency>
  +3.94784020189090116111e-07+j6.28318282667843014053e-04
  +4.32872053835835827076e-07+j6.57929985984542949062e-04
  +4.74634748928677209415e-07+j6.88937242171253462833e-04
  +5.20426629500863349677e-07+j7.21405821058429519953e-04
  +5.70636423288430469113e-07+j7.55404592031649608878e-04
  +6.25690361614157410447e-07+j7.91005670097078852042e-04
  +6.86055797632782359576e-07+j8.28284568828989431477e-04
  +7.52245173651291192865e-07+j8.67320360523428477047e-04
  +8.24820371201034183527e-07+j9.08195843897333294527e-04
  +9.04397480787259145118e-07+j9.50997719688357712013e-04
  +9.91652031803816186092e-07+j9.95816774527354640900e-04
  +1.08732472700657273033e-06+j1.04274807347293175727e-03
  +1.19222773022162892371e-06+j1.09189116161578498969e-03
  +1.30725156066001697011e-06+j1.14335027517964687299e-03
  +1.43337265235907676287e-06+j1.19723456256571399343e-03
  +1.57166164291580874699e-06+j1.25365831580837418582e-03
  +1.72329246186706247225e-06+j1.31274121293199048065e-03
  +1.88955229585790074009e-06+j1.37460857172142718145e-03
  +2.07185251518053472765e-06+j1.43939161544302807183e-03
  +2.27174065442483030336e-06+j1.50722775107786188635e-03
  +2.49091354892678423734e-06+j1.57826086065532148264e-03
  +2.73123173850939961654e-06+j1.65264160630264615899e-03
  +2.99473526076414981936e-06+j1.73052774965467334040e-03
  +3.28366096791188303116e-06+j1.81208448629817798874e-03
  +3.60046151420952336775e-06+j1.89748479595658672836e-03
  +3.94782617504270602740e-06+j1.98690980915370131801e-03
  +4.32870367438470641933e-06+j2.08054919112940104806e-03
  +4.74632721434034251970e-06+j2.17860154381619699690e-03
  +5.20424191917389945681e-06+j2.28127482672297633715e-03
  +5.70633492670132693510e-06+j2.38878679761150543651e-03
  +6.25686838238140458632e-06+j2.50136547389210022602e-03
  +6.86051561605920474831e-06+j2.61924961570765297419e-03
  +7.52240080830558718622e-06+j2.74268923171978526443e-03
  +8.24814248288683715248e-06+j2.87194610865740621031e-03
  +9.04390119433948468661e-06+j3.00729436573652893563e-03
  +9.91643181519034475795e-06+j3.14902103511081670958e-03
  +1.08731408663514059491e-05+j3.29742666956508783879e-03
  +1.19221493769624701180e-05+j3.45282597871898353989e-03
  +1.30723618068118117570e-05+j3.61554849506525149277e-03
  +1.43335416158316922720e-05+j3.78593927122668465896e-03
  +1.57163941214738397077e-05+j3.96435960987769932251e-03
  +1.72326573464940982993e-05+j4.15118782784095179811e-03
  +1.88952016273344619980e-05+j4.34682005593628462137e-03
  +2.07181388274529926100e-05+j4.55167107622865552141e-03
  +2.27169420812404792198e-05+j4.76617519839367138196e-03
  +2.49085770832585659453e-05+j4.99078717699385100010e-03
  +2.73116460351836381993e-05+j5.22598317153571446936e-03
  +2.99465454698605753117e-05+j5.47226175125742689276e-03
  +3.28356392891550062153e-05+j5.73014494667870282613e-03
  +3.60034484808195395268e-05+j6.00017935002921613125e-03
  +3.94768591204273456077e-05+j6.28293726675838593715e-03
  +4.32853504187484579443e-05+j6.57901792041848659104e-03
  +4.74612447440254052846e-05+j6.88904871330380148831e-03
  +5.20399817338492720067e-05+j7.21368654532135965274e-03
  +5.70604188142659750241e-05+j7.55361919366277865390e-03
  +6.25651606660335455690e-05+j7.90956675594209693281e-03
  +6.86009204214196101649e-05+j8.28228315956034896739e-03
  +7.52189156415694935116e-05+j8.67255774015366319440e-03
  +8.24753024164574349538e-05+j9.08121689207722765369e-03
  +9.04316512491261620225e-05+j9.50912579397173232665e-03
  +9.91554687358999566104e-05+j9.95719021255091554790e-03
  +1.08720769437343337308e-04+j1.04263583878378314485e-02
  +1.19208702753973233503e-04+j1.09176230031614932003e-02
  +1.30708240079469050540e-04+j1.14320232433040656211e-02
  +1.43316928005950426682e-04+j1.19706469442590023033e-02
  +1.57141713904760386327e-04+j1.25346328381214060232e-02
  +1.72299850806332909134e-04+j1.31251728966800679244e-02
  +1.88919889158770955935e-04+j1.37435147773141055211e-02
  +2.07142763761699423087e-04+j1.43909643748124337070e-02
  +2.27122984955153582511e-04+j1.50688884827268748667e-02
  +2.49029943998580426383e-04+j1.57787175678371430210e-02
  +2.73049343508656016527e-04+j1.65219486612404632686e-02
  +2.99384764843345157429e-04+j1.73001483694772070776e-02
  +3.28259385430590671512e-04+j1.81149560089575549504e-02
  +3.59917860250945310582e-04+j1.89680868667564291041e-02
  +3.94628383002547161382e-04+j1.98613355905859455264e-02
  +4.32684943912720358303e-04+j2.07965797104242983151e-02
  +4.74409802722449672370e-04+j2.17757832938686862745e-02
  +5.20156197067545684153e-04+j2.28010007367702612069e-02
  +5.70311308323692635509e-04+j2.38743806900889206368e-02
  +6.25299508982140889862e-04+j2.49981701231551667330e-02
  +6.85585917789300887219e-04+j2.61747185226246480150e-02
  +7.51680291227957019136e-04+j2.74064822253374355820e-02
  +8.24141282451038492338e-04+j2.86960288820177766844e-02
  +9.03581101511836243777e-04+j3.00460420472452027774e-02
  +9.90670613677441464287e-04+j3.14593258893549332367e-02
  +1.08614491577476162017e-03+j3.29388100118492149759e-02
  +1.19080943390914009358e-03+j3.44875543754736765822e-02
  +1.30554658952116808650e-03+j3.61087543072833999647e-02
  +1.43132308461226855079e-03+j3.78057455797359553973e-02
  +1.56919786107549892075e-03+j3.95820095390354703691e-02
  +1.72033079341194546780e-03+j4.14411782575397347195e-02
  +1.88599217868754150638e-03+j4.33870396799490229411e-02
  +2.06757309237529020990e-03+j4.54235427271252809045e-02
  +2.26659668371109214446e-03+j4.75548023146399115313e-02
  +2.48473048933430971583e-03+j4.97851042354003903156e-02
  +2.72379984924040136410e-03+j5.21189098468269884634e-02
  +2.98580251438072255196e-03+j5.45608604929013196738e-02
  +3.27292454052181564644e-03+j5.71157815798214035796e-02
  +3.58755756811845539014e-03+j5.97886862108032227092e-02
  +3.93231759282747835721e-03+j6.25847782705716559892e-02
  +4.31006533572476837474e-03+j6.55094548330739240294e-02
  +4.72392832607725857846e-03+j6.85683077467086482537e-02
  +5.17732481240681073620e-03+j7.17671242296474276579e-02
  +5.67398961924840683491e-03+j7.51118862833910494459e-02
  +6.21800206706692171199e-03+j7.86087687052842293278e-02
  +6.81381607079212855277e-03+j8.22641354500583399378e-02
  +7.46629252780433606829e-03+j8.60845340563192590322e-02
  +8.18073409828998406035e-03+j9.00766878160107614670e-02
  +8.96292246890341252896e-03+j9.42474853230569759033e-02
  +9.81915817369087041977e-03+j9.86039669914497429737e-02
  +1.07563030231771997874e-02+j1.03153308082924749511e-01
  +1.17818251621258727330e-02+j1.07902797730063379489e-01
  +1.29038467373152210965e-02+j1.12859813382333321052e-01
  +1.41311941070753378791e-02+j1.18031790040579745438e-01
  +1.54734504624330082567e-02+j1.23426183580388010297e-01
  +1.69410106534318670446e-02+j1.29050427397479711145e-01
  +1.85451379212264039209e-02+j1.34911881540170863758e-01
  +2.02980221243973003864e-02+j1.41017773426737880182e-01
  +2.22128389139474406722e-02+j1.47375129181726127747e-01
  +2.43038091528613893477e-02+j1.53990694567959773842e-01
  +2.65862576902079622565e-02+j1.60870844444348654045e-01
  +2.90766703839278987942e-02+j1.68021479648622074077e-01
  +3.17927480184172078781e-02+j1.75447910195176276504e-01
  +3.47534554811185364409e-02+j1.83154723698954746691e-01
  +3.79790642458374752555e-02+j1.91145637995869588366e-01
  +4.14911858600269939368e-02+j1.99423337039464076970e-01
  +4.53127937513512490941e-02+j2.07989289324712001150e-01
  +4.94682302604868284757e-02+j2.16843548337003311222e-01
  +5.39831953806509876048e-02+j2.25984534862776476061e-01
  +5.88847132521827312801e-02+j2.35408801444191878582e-01
  +6.42010720400633394522e-02+j2.45110779830202379914e-01
  +6.99617324369097987047e-02+j2.55082512986163079116e-01
  +7.61971997138593676313e-02+j2.65313374087371600663e-01
  +8.29388540245022398700e-02+j2.75789775948283744089e-01
  +9.02187335980450949569e-02+j2.86494875531849713113e-01
  +9.80692655902313109584e-02+j2.97408279536437891721e-01
  +1.06522939753839904209e-01+j3.08505758552477749035e-01
  +1.15611920809016610612e-01+j3.19758978882323630089e-01
  +1.25367596502521605473e-01+j3.31135262769917837478e-01
  +1.35820059905551182577e-01+j3.42597389413293207383e-01
  +1.46997526562593655575e-01+j3.54103450628588556359e-01
  +1.58925689699872391136e-01+j3.65606776268291133736e-01
  +1.71627019832612276451e-01+j3.77055945313143736630e-01
  +1.85120018736089186895e-01+j3.88394898781175057501e-01
  +1.99418441774563998115e-01+j3.99563170042946780303e-01
  +2.14530506861582731526e-01+j4.10496246617792048816e-01
  +2.30458112634023992715e-01+j4.21126074893478308248e-01
  +2.47196092472213774238e-01+j4.31381715350433625478e-01
  +2.64731534441299931615e-01+j4.41190150744160181073e-01
  +2.83043199675102163937e-01+j4.50477243368388624578e-01
  +3.02101072770689704772e-01+j4.59168830171962083497e-01
  +3.21866077035227848846e-01+j4.67191936455650602689e-01
  +3.42289984626575061188e-01+j4.74476080588804971505e-01
  +3.63315546582560433553e-01+j4.80954634236926636959e-01
  +3.84876860441398793711e-01+j4.86566195638549137126e-01
  +4.06899983827401057201e-01+j4.91255928196965230281e-01
  +4.29303791446879856597e-01+j4.94976813695564676898e-01
  +4.52001061056682307271e-01+j4.97690769313954339825e-01
  +4.74899761950713261704e-01+j4.99369580621276065724e-01
  +4.97904508275828217023e-01+j4.99995608895152210405e-01
  +5.20918129961055909050e-01+j4.99562240205294494366e-01
  +5.43843307048291202399e-01+j4.98074055163556184134e-01
  +5.66584209376004399594e-01+j4.95546711281360852119e-01
  +5.89048083241537345778e-01+j4.92006543524583894733e-01
  +6.11146729882277583989e-01+j4.87489901881542675444e-01
  +6.32797827076315710926e-01+j4.82042256574886807119e-01
  +6.53926054286680935590e-01+j4.75717111119343394332e-01
  +6.74463992763887243420e-01+j4.68574770158277087440e-01
  +6.94352783965894282403e-01+j4.60681012594079508649e-01
  +7.13542541626490223194e-01+j4.52105720949977307743e-01
  +7.31992523959854812787e-01+j4.42921515425403755639e-01
  +7.49671082147684297858e-01+j4.33202436211067798411e-01
  +7.66555408940454707789e-01+j4.23022710932388357197e-01
  +7.82631116665561066270e-01+j4.12455636271803260939e-01
  +7.97891677135621590899e-01+j4.01572594549636452399e-01
  +8.12337757035057284050e-01+j3.90442217914904188270e-01
  +8.25976481612500257334e-01+j3.79129705292971408426e-01
  +8.38820657285471726894e-01+j3.67696290702858474830e-01
  +8.50887980472506688656e-01+j3.56198856202438907115e-01
  +8.62200256001015907792e-01+j3.44689678628180895537e-01
  +8.72782644154025732952e-01+j3.33216296446516957452e-01
  +8.82662951115728899865e-01+j3.21821481326839520243e-01
  +8.91870973487750018371e-01+j3.10543298330141326336e-01
  +9.00437903840378139897e-01+j2.99415238703583774793e-01
  +9.08395801037892414165e-01+j2.88466409993638872589e-01
  +9.15777126382768424939e-01+j2.77721769360789294545e-01
  +9.22614344465268132467e-01+j2.67202387437297683714e-01
  +9.28939585956240487796e-01+j2.56925731680750557562e-01
  +9.34784368394260489765e-01+j2.46905959830871546412e-01
  +9.40179370233566458204e-01+j2.37154215692618269840e-01
  +9.45154252971638020320e-01+j2.27678920985810356870e-01
  +9.49737526000035248153e-01+j2.18486058382148545798e-01
  +9.53956448858599870277e-01+j2.09579442073141802849e-01
  +9.57836965767012271655e-01+j2.00960973269079301584e-01
  +9.61403667612113155272e-01+j1.92630878921554699046e-01
  +9.64679776945335465399e-01+j1.84587932698844797708e-01
  +9.67687151960576752430e-01+j1.76829657837717618696e-01
  +9.70446305854322677220e-01+j1.69352511962536728118e-01
  +9.72976438398403531416e-01+j1.62152054319275262806e-01
  +9.75295476968142338592e-01+j1.55223096134647742250e-01
  +9.77420124655848709949e-01+j1.48559834994502870664e-01
  +9.79365913456072156862e-01+j1.42155974255131350992e-01
  +9.81147260831797818348e-01+j1.36004828568907637498e-01
  +9.82777528258942933981e-01+j1.30099416632764280921e-01
  +9.84269080600607138010e-01+j1.24432542263841511287e-01
  +9.85633345384070769235e-01+j1.18996864879188313235e-01
  +9.86880871244701363132e-01+j1.13784960412176505695e-01
  +9.88021384964274940188e-01+j1.08789373642608377946e-01
  +9.89063846669478996532e-01+j1.04002662854622299204e-01
  +9.90016502872287151860e-01+j9.94174376697262857094e-02
  +9.90886937130159517473e-01+j9.50263908341820728864e-02
  +9.91682118183177196968e-01+j9.08223246724301769284e-02
  +9.92408445489550428142e-01+j8.67981728526835416559e-02
  +9.93071792132657948926e-01+j8.29470180482032026781e-02
  +9.93677545113684335121e-01+j7.92621060187413961629e-02
  +9.94230643075822095867e-01+j7.57368565815841332522e-02
  +9.94735611530276897518e-01+j7.23648718907383275978e-02
  +9.95196595672327433135e-01+j6.91399423961108067216e-02
  +9.95617390888503095425e-01+j6.60560508119630851454e-02
  +9.96001471064541399336e-01+j6.31073743853362290057e-02
  +9.96352014808950303681e-01+j6.02882857203248939681e-02
  +9.96671929709450843404e-01+j5.75933523828072932438e-02
  +9.96963874739838162853e-01+j5.50173354822500598749e-02
  +9.97230280933406709742e-01+j5.25551874022486542604e-02
  +9.97473370436391948424e-01+j5.02020488292707553479e-02
  +9.97695174051233091284e-01+j4.79532452093998848297e-02
  +9.97897547375132698555e-01+j4.58042827454746906413e-02
  +9.98082185634575846933e-01+j4.37508440316747293508e-02
  +9.98250637311371535887e-01+j4.17887834090935952891e-02
  +9.98404316650518763865e-01+j3.99141221139756446901e-02
  +9.98544515134886956353e-01+j3.81230432798925975013e-02
  +9.98672412006430643139e-01+j3.64118868460378414253e-02
  +9.98789083908496744257e-01+j3.47771444158726933393e-02
  +9.98895513718757066535e-01+j3.32154541034358138929e-02
  +9.98992598637480466728e-01+j3.17235953986041777086e-02
  +9.99081157591241386662e-01+j3.02984840773684351023e-02
  +9.99161938007771754933e-01+j2.89371671786536298343e-02
  +9.99235622013519120266e-01+j2.76368180653017506132e-02
  +9.99302832101558902167e-01+j2.63947315834532486578e-02
  +9.99364136313845796700e-01+j2.52083193316572119758e-02
  +9.99420052978353568029e-01+j2.40751050485429364534e-02
  +9.99471055038446687391e-01+j2.29927201257486488184e-02
  +9.99517574008848552758e-01+j2.19588992509787347962e-02
  +9.99560003589801682189e-01+j2.09714761845087964420e-02
  +9.99598702968440999683e-01+j2.00283796711439622540e-02
  +9.99633999834028230680e-01+j1.91276294885257894252e-02
  +9.99666193131495295354e-01+j1.82673326317530498875e-02
  +9.99695555575717653696e-01+j1.74456796335052503888e-02
  +9.99722335947061169215e-01+j1.66609410182143556634e-02
  +9.99746761187034871377e-01+j1.59114638883029492489e-02
</dep>
