<Qucs Dataset 0.0.19>
<indep acfrequency 251>
  +1.00000000000000000000e+01
  +1.04712854805089961019e+01
  +1.09647819614318500214e+01
  +1.14815362149688287019e+01
  +1.20226443461741290264e+01
  +1.25892541179416728170e+01
  +1.31825673855640701504e+01
  +1.38038426460288476960e+01
  +1.44543977074592753240e+01
  +1.51356124843620793996e+01
  +1.58489319246111328710e+01
  +1.65958690743756065444e+01
  +1.73780082874937527038e+01
  +1.81970085860998338489e+01
  +1.90546071796324731906e+01
  +1.99526231496887938022e+01
  +2.08929613085403929063e+01
  +2.18776162394955235868e+01
  +2.29086765276777271083e+01
  +2.39883291901949036173e+01
  +2.51188643150958021977e+01
  +2.63026799189538174062e+01
  +2.75422870333816618427e+01
  +2.88403150312660550014e+01
  +3.01995172040201573793e+01
  +3.16227766016837890106e+01
  +3.31131121482591055383e+01
  +3.46736850452531655264e+01
  +3.63078054770101346094e+01
  +3.80189396320561101561e+01
  +3.98107170553497198284e+01
  +4.16869383470335392872e+01
  +4.36515832240165906342e+01
  +4.57088189614874949029e+01
  +4.78630092322638347468e+01
  +5.01187233627272306080e+01
  +5.24807460249772432803e+01
  +5.49540873857624490029e+01
  +5.75439937337156877106e+01
  +6.02559586074357724783e+01
  +6.30957344480193142999e+01
  +6.60693448007595947047e+01
  +6.91830970918936287717e+01
  +7.24435960074989964141e+01
  +7.58577575029183748256e+01
  +7.94328234724281401213e+01
  +8.31763771102670688151e+01
  +8.70963589956080568300e+01
  +9.12010839355909439519e+01
  +9.54992586021435840848e+01
  +9.99999999999999857891e+01
  +1.04712854805089961019e+02
  +1.09647819614318478898e+02
  +1.14815362149688240834e+02
  +1.20226443461741268948e+02
  +1.25892541179416696195e+02
  +1.31825673855640701504e+02
  +1.38038426460288462749e+02
  +1.44543977074592675081e+02
  +1.51356124843620790443e+02
  +1.58489319246111278972e+02
  +1.65958690743756022812e+02
  +1.73780082874937477300e+02
  +1.81970085860998324279e+02
  +1.90546071796324667957e+02
  +1.99526231496887874073e+02
  +2.08929613085403929063e+02
  +2.18776162394955179025e+02
  +2.29086765276777271083e+02
  +2.39883291901948950908e+02
  +2.51188643150958000660e+02
  +2.63026799189538110113e+02
  +2.75422870333816490529e+02
  +2.88403150312660557120e+02
  +3.01995172040201509844e+02
  +3.16227766016837904317e+02
  +3.31131121482590970118e+02
  +3.46736850452531427891e+02
  +3.63078054770101289250e+02
  +3.80189396320561058928e+02
  +3.98107170553497212495e+02
  +4.16869383470335264974e+02
  +4.36515832240165877920e+02
  +4.57088189614874863764e+02
  +4.78630092322638120095e+02
  +5.01187233627272178182e+02
  +5.24807460249772361749e+02
  +5.49540873857624205812e+02
  +5.75439937337156948161e+02
  +6.02559586074357639518e+02
  +6.30957344480193114578e+02
  +6.60693448007595634408e+02
  +6.91830970918936031921e+02
  +7.24435960074990134672e+02
  +7.58577575029183662991e+02
  +7.94328234724281287527e+02
  +8.31763771102670489199e+02
  +8.70963589956079999865e+02
  +9.12010839355909752157e+02
  +9.54992586021435727162e+02
  +9.99999999999999545253e+02
  +1.04712854805089887122e+03
  +1.09647819614318495951e+03
  +1.14815362149688257887e+03
  +1.20226443461741246210e+03
  +1.25892541179416662089e+03
  +1.31825673855640616239e+03
  +1.38038426460288496855e+03
  +1.44543977074592726240e+03
  +1.51356124843620773390e+03
  +1.58489319246111244865e+03
  +1.65958690743755937547e+03
  +1.73780082874937534143e+03
  +1.81970085860998301541e+03
  +1.90546071796324645220e+03
  +1.99526231496887817229e+03
  +2.08929613085403752848e+03
  +2.18776162394955235868e+03
  +2.29086765276777214240e+03
  +2.39883291901948905434e+03
  +2.51188643150957841499e+03
  +2.63026799189538178325e+03
  +2.75422870333816626953e+03
  +2.88403150312660500276e+03
  +3.01995172040201441632e+03
  +3.16227766016837676943e+03
  +3.31131121482591061067e+03
  +3.46736850452531552946e+03
  +3.63078054770101152826e+03
  +3.80189396320560945242e+03
  +3.98107170553496916909e+03
  +4.16869383470335287711e+03
  +4.36515832240165855183e+03
  +4.57088189614874772815e+03
  +4.78630092322638029145e+03
  +5.01187233627271871228e+03
  +5.24807460249772520910e+03
  +5.49540873857624319498e+03
  +5.75439937337156607100e+03
  +6.02559586074357321195e+03
  +6.30957344480193205527e+03
  +6.60693448007595907256e+03
  +6.91830970918936145608e+03
  +7.24435960074989543500e+03
  +7.58577575029183117294e+03
  +7.94328234724281355739e+03
  +8.31763771102670762048e+03
  +8.70963589956080068077e+03
  +9.12010839355909047299e+03
  +9.54992586021435090515e+03
  +9.99999999999999818101e+03
  +1.04712854805089918955e+04
  +1.09647819614318432286e+04
  +1.14815362149688189675e+04
  +1.20226443461741182546e+04
  +1.25892541179416693922e+04
  +1.31825673855640634429e+04
  +1.38038426460288392263e+04
  +1.44543977074592639838e+04
  +1.51356124843620800675e+04
  +1.58489319246111299435e+04
  +1.65958690743755942094e+04
  +1.73780082874937434099e+04
  +1.81970085860998151475e+04
  +1.90546071796324686147e+04
  +1.99526231496887849062e+04
  +2.08929613085403798323e+04
  +2.18776162394955099444e+04
  +2.29086765276777077815e+04
  +2.39883291901948941813e+04
  +2.51188643150957868784e+04
  +2.63026799189537996426e+04
  +2.75422870333816390485e+04
  +2.88403150312660291092e+04
  +3.01995172040201214259e+04
  +3.16227766016837449570e+04
  +3.31131121482591115637e+04
  +3.46736850452531580231e+04
  +3.63078054770101225586e+04
  +3.80189396320561063476e+04
  +3.98107170553496980574e+04
  +4.16869383470335014863e+04
  +4.36515832240165473195e+04
  +4.57088189614874499966e+04
  +4.78630092322637647158e+04
  +5.01187233627272435115e+04
  +5.24807460249772630050e+04
  +5.49540873857624392258e+04
  +5.75439937337156734429e+04
  +6.02559586074357430334e+04
  +6.30957344480192768970e+04
  +6.60693448007595434319e+04
  +6.91830970918935636291e+04
  +7.24435960074989125133e+04
  +7.58577575029182626167e+04
  +7.94328234724281501258e+04
  +8.31763771102670871187e+04
  +8.70963589956080395496e+04
  +9.12010839355909265578e+04
  +9.54992586021435272414e+04
  +9.99999999999999126885e+04
  +1.04712854805089853471e+05
  +1.09647819614318359527e+05
  +1.14815362149688095087e+05
  +1.20226443461741306237e+05
  +1.25892541179416715750e+05
  +1.31825673855640663533e+05
  +1.38038426460288406815e+05
  +1.44543977074592665303e+05
  +1.51356124843620695174e+05
  +1.58489319246111204848e+05
  +1.65958690743755869335e+05
  +1.73780082874937274028e+05
  +1.81970085860998049611e+05
  +1.90546071796324715251e+05
  +1.99526231496887921821e+05
  +2.08929613085403863806e+05
  +2.18776162394955143100e+05
  +2.29086765276777121471e+05
  +2.39883291901948803570e+05
  +2.51188643150957708713e+05
  +2.63026799189537821803e+05
  +2.75422870333816215862e+05
  +2.88403150312660611235e+05
  +3.01995172040201607160e+05
  +3.16227766016837791540e+05
  +3.31131121482590911910e+05
  +3.46736850452531361952e+05
  +3.63078054770100978203e+05
  +3.80189396320560772438e+05
  +3.98107170553496747743e+05
  +4.16869383470334811136e+05
  +4.36515832240165269468e+05
  +4.57088189614875009283e+05
  +4.78630092322638258338e+05
  +5.01187233627272071317e+05
  +5.24807460249772295356e+05
  +5.49540873857624130324e+05
  +5.75439937337156268768e+05
  +6.02559586074357037432e+05
  +6.30957344480192288756e+05
  +6.60693448007595026866e+05
  +6.91830970918936538510e+05
  +7.24435960074989823624e+05
  +7.58577575029183528386e+05
  +7.94328234724281122908e+05
  +8.31763771102670347318e+05
  +8.70963589956079842523e+05
  +9.12010839355908683501e+05
  +9.54992586021434748545e+05
  +9.99999999999998370185e+05
</indep>
<dep H acfrequency>
  +9.99996446955039752780e-01-j1.88494889482190884980e-03
  +9.99996104165006616249e-01-j1.97378312278919569936e-03
  +9.99995728303479713972e-01-j2.06680387869824034111e-03
  +9.99995316179835169734e-01-j2.16420845268160393776e-03
  +9.99994864295635443874e-01-j2.26620343066918829983e-03
  +9.99994368814932532707e-01-j2.37300513215972248143e-03
  +9.99993825531709568111e-01-j2.48484006857548631389e-03
  +9.99993229834179819804e-01-j2.60194542316319202616e-03
  +9.99992576665642562972e-01-j2.72456955344823649467e-03
  +9.99991860481563854535e-01-j2.85297251729581388333e-03
  +9.99991075202516066511e-01-j2.98742662368061372147e-03
  +9.99990214162580048907e-01-j3.12821700931715076036e-03
  +9.99989270052768275399e-01-j3.27564224235523055243e-03
  +9.99988234858994018417e-01-j3.43001495439972407461e-03
  +9.99987099794055200874e-01-j3.59166250217068548298e-03
  +9.99985855223060160490e-01-j3.76092766017916075097e-03
  +9.99984490581661389363e-01-j3.93816934585559420834e-03
  +9.99982994286402804285e-01-j4.12376337863180550403e-03
  +9.99981353636423486719e-01-j4.31810327454404310060e-03
  +9.99979554705681450422e-01-j4.52160107799365069275e-03
  +9.99977582224785499498e-01-j4.73468823237342163746e-03
  +9.99975419451434754947e-01-j4.95781649134189976447e-03
  +9.99973048028365174567e-01-j5.19145887260449509504e-03
  +9.99970447827603248214e-01-j5.43611065613950304731e-03
  +9.99967596779704592791e-01-j5.69229042888882551948e-03
  +9.99964470686533157817e-01-j5.96054117801726474762e-03
  +9.99961043015996531302e-01-j6.24143143493071945321e-03
  +9.99957284676998070516e-01-j6.53555647233222680725e-03
  +9.99953163772703934598e-01-j6.84353955668543997848e-03
  +9.99948645330035246204e-01-j7.16603325854756490615e-03
  +9.99943691003102430592e-01-j7.50372082332774383712e-03
  +9.99938258748070074589e-01-j7.85731760512191866608e-03
  +9.99932302466709055366e-01-j8.22757256637116768383e-03
  +9.99925771615624459088e-01-j8.61526984618646123060e-03
  +9.99918610777859595551e-01-j9.02123040027845608801e-03
  +9.99910759193266218681e-01-j9.44631371552553250615e-03
  +9.99902150243676235419e-01-j9.89141960230563270506e-03
  +9.99892710888541924596e-01-j1.03574900678068803489e-02
  +9.99882361046290357720e-01-j1.08455112736169680121e-02
  +9.99871012916191292952e-01-j1.13565155809705296830e-02
  +9.99858570235034216367e-01-j1.18915836871054548390e-02
  +9.99844927462376853455e-01-j1.24518468562412210759e-02
  +9.99829968887531173038e-01-j1.30384892487426882340e-02
  +9.99813567650803203257e-01-j1.36527503520685999233e-02
  +9.99795584670798431759e-01-j1.42959275171217845696e-02
  +9.99775867468830070628e-01-j1.49693786036148631519e-02
  +9.99754248880624030171e-01-j1.56745247380358290745e-02
  +9.99730545644588186605e-01-j1.64128531877380696991e-02
  +9.99704556854913994890e-01-j1.71859203545831930315e-02
  +9.99676062266676601631e-01-j1.79953548914258305846e-02
  +9.99644820438904013749e-01-j1.88428609445396924582e-02
  +9.99610566700286029551e-01-j1.97302215248351224541e-02
  +9.99573010920769333687e-01-j2.06593020103997548897e-02
  +9.99531835070750274141e-01-j2.16320537824944286731e-02
  +9.99486690547890077596e-01-j2.26505179966423504656e-02
  +9.99437195249762599936e-01-j2.37168294898461237685e-02
  +9.99382930368564736945e-01-j2.48332208242364842199e-02
  +9.99323436881978777180e-01-j2.60020264665785996727e-02
  +9.99258211711958943546e-01-j2.72256871020138090100e-02
  +9.99186703520706487325e-01-j2.85067540791701413971e-02
  +9.99108308110395193502e-01-j2.98478939823039884915e-02
  +9.99022363390299483754e-01-j3.12518933244046726028e-02
  +9.98928143871842810775e-01-j3.27216633531622197451e-02
  +9.98824854648730386941e-01-j3.42602449593256003224e-02
  +9.98711624815734722027e-01-j3.58708136742101127425e-02
  +9.98587500275877504308e-01-j3.75566847398953601589e-02
  +9.98451435881675397610e-01-j3.93213182319212609106e-02
  +9.98302286851809328461e-01-j4.11683242099695270722e-02
  +9.98138799400034137932e-01-j4.31014678670280093620e-02
  +9.97959600508387834061e-01-j4.51246746417824570741e-02
  +9.97763186771796317664e-01-j4.72420352523652345433e-02
  +9.97547912236055434043e-01-j4.94578106019913921187e-02
  +9.97311975145920515118e-01-j5.17764364983078553828e-02
  +9.97053403514735592239e-01-j5.42025281183214288627e-02
  +9.96770039421741693708e-01-j5.67408841394036952965e-02
  +9.96459521938038328415e-01-j5.93964904439185648055e-02
  +9.96119268577249417085e-01-j6.21745232902916333817e-02
  +9.95746455162435983866e-01-j6.50803518266366148870e-02
  +9.95337993996898373616e-01-j6.81195398041466587680e-02
  +9.94890510223481294716e-01-j7.12978463261154937758e-02
  +9.94400316255129701482e-01-j7.46212254444251488206e-02
  +9.93863384159123341988e-01-j7.80958243883634883886e-02
  +9.93275315879095788141e-01-j8.17279801804641076179e-02
  +9.92631311183152620359e-01-j8.55242143604243998389e-02
  +9.91926133233801965439e-01-j8.94912255008261936506e-02
  +9.91154071686748072700e-01-j9.36358791571302306878e-02
  +9.90308903241804761031e-01-j9.79651948490819352022e-02
  +9.89383849591285780001e-01-j1.02486329621144386937e-01
  +9.88371532740485503332e-01-j1.07206557675865968293e-01
  +9.87263927712666800041e-01-j1.12133245516327778590e-01
  +9.86052312698958433046e-01-j1.17273821972313591067e-01
  +9.84727216773576774500e-01-j1.22635742420152640819e-01
  +9.83278365368846052341e-01-j1.28226446439165753244e-01
  +9.81694623794921783499e-01-j1.34053308079542604636e-01
  +9.79963939198341460468e-01-j1.40123577849021185848e-01
  +9.78073281484209133829e-01-j1.46444315461270707646e-01
  +9.76008583881685432004e-01-j1.53022312330432619376e-01
  +9.73754684014261018277e-01-j1.59864002747797273596e-01
  +9.71295266547665847590e-01-j1.66975362643009522801e-01
  +9.68612808731550645192e-01-j1.74361794819642285104e-01
  +9.65688530428021829621e-01-j1.82027999570915755001e-01
  +9.62502350531635131325e-01-j1.89977829634703720973e-01
  +9.59032852031134419590e-01-j1.98214128548301615762e-01
  +9.55257258340873938174e-01-j2.06738551624874256074e-01
  +9.51151423934834872043e-01-j2.15551369008807169880e-01
  +9.46689842740671139154e-01-j2.24651250591476947527e-01
  +9.41845678183504841918e-01-j2.34035032998392539261e-01
  +9.36590819192612111799e-01-j2.43697469409766054316e-01
  +9.30895966876229996601e-01-j2.53630963665320063871e-01
  +9.24730756901358530442e-01-j2.63825290944592782960e-01
  +9.18063922850113955931e-01-j2.74267308316492597342e-01
  +9.10863505917596905093e-01-j2.84940659620737113400e-01
  +9.03097116216418860368e-01-j2.95825480474564528333e-01
  +8.94732250601160683523e-01-j3.06898110674116708640e-01
  +8.85736671258460117606e-01-j3.18130822848781413814e-01
  +8.76078848259710940560e-01-j3.29491577876657282253e-01
  +8.65728467781273658410e-01-j3.40943819205396236871e-01
  +8.54657005709041239783e-01-j3.52446319744577796218e-01
  +8.42838363825789027572e-01-j3.63953096276506238294e-01
  +8.30249562724632017563e-01-j3.75413407219546857441e-01
  +8.16871482033148965662e-01-j3.86771849898768782516e-01
  +8.02689634553752640045e-01-j3.97968573047817020250e-01
  +7.87694956670539014887e-01-j4.08939618900317269912e-01
  +7.71884593051981537926e-01-j4.19617406765923350864e-01
  +7.55262649571424415917e-01-j4.29931366306037510139e-01
  +7.37840884813778075113e-01-j4.39808723777734000837e-01
  +7.19639307922442794663e-01-j4.49175438348258737609e-01
  +7.00686649267852068590e-01-j4.57957278362995490184e-01
  +6.81020670869660560420e-01-j4.66081019478264191314e-01
  +6.60688285992028223603e-01-j4.73475738285441705155e-01
  +6.39745462050150814903e-01-j4.80074167016295350052e-01
  +6.18256887943122279694e-01-j4.85814067781088265718e-01
  +5.96295395984987264271e-01-j4.90639579235200407048e-01
  +5.73941139339888772852e-01-j4.94502485244633804840e-01
  +5.51280537659544878082e-01-j4.97363354558162107377e-01
  +5.28405015674143552218e-01-j4.99192503033200285500e-01
  +5.05409570892307979939e-01-j4.99970735686361078542e-01
  +4.82391216393137811647e-01-j4.99689834537272503656e-01
  +4.59447352097819505801e-01-j4.98352769379404425543e-01
  +4.36674122228447592065e-01-j4.95973621480480020285e-01
  +4.14164817502624071910e-01-j4.92577223839716527021e-01
  +3.92008377896548743102e-01-j4.88198534978819265184e-01
  +3.70288045786380248803e-01-j4.82881775317814010418e-01
  +3.49080210492473563821e-01-j4.76679365123983456165e-01
  +3.28453474474575124464e-01-j4.69650710188066033979e-01
  +3.08467959561063598262e-01-j4.61860885424710598812e-01
  +2.89174859572571330002e-01-j4.53379267461311075138e-01
  +2.70616234379734144078e-01-j4.44278165195935437204e-01
  +2.52825030526074967518e-01-j4.34631492721781753641e-01
  +2.35825305557049919036e-01-j4.24513522536060006196e-01
  +2.19632627408005792757e-01-j4.13997749252169089385e-01
  +2.04254616682972983677e-01-j4.03155885789436063682e-01
  +1.89691598281500506396e-01-j3.92057005833221061675e-01
  +1.75937329338178544136e-01-j3.80766838739310164996e-01
  +1.62979772473257206178e-01-j3.69347216366690045408e-01
  +1.50801886514836891440e-01-j3.57855665790557442296e-01
  +1.39382410745912177497e-01-j3.46345137573158379229e-01
  +1.28696622988869385784e-01-j3.34863856246281399454e-01
  +1.18717056156653316679e-01-j3.23455277796098672471e-01
  +1.09414162030545172866e-01-j3.12158138093016568337e-01
  +1.00756914794602636665e-01-j3.01006576200048947545e-01
  +9.27133501555044425846e-02-j2.90030317136756032870e-01
  +8.52510386484987281452e-02-j2.79254899792019617433e-01
  +7.83374939645913731523e-02-j2.68701937104924848398e-01
  +7.19405188535902906377e-02-j2.58389397229581596616e-01
  +6.60284924073334250627e-02-j2.48331896053946565850e-01
  +6.05706033660057541201e-02-j2.38540993068033835289e-01
  +5.55370345825451777744e-02-j2.29025484111097049622e-01
  +5.08991039907059142355e-02-j2.19791685929311753078e-01
  +4.66293674128207269458e-02-j2.10843708721652173255e-01
  +4.27016883690061258005e-02-j2.02183713932261172053e-01
  +3.90912797584538340701e-02-j1.93812155463222030027e-01
  +3.57747219157018847557e-02-j1.85728003240104022620e-01
  +3.27299611328947387401e-02-j1.77928948676526338391e-01
  +2.99362923085158237624e-02-j1.70411592068541284384e-01
  +2.73743289531635514145e-02-j1.63171612321284437153e-01
  +2.50259633675894745120e-02-j1.56203919685498127112e-01
  +2.28743194169771998925e-02-j1.49502792375886095488e-01
  +2.09036999643270986204e-02-j1.43061998071215584760e-01
  +1.90995306980950747822e-02-j1.36874901370585833060e-01
  +1.74483017960798611479e-02-j1.30934558312589016671e-01
  +1.59375086086303990873e-02-j1.25233799063911771521e-01
  +1.45555923181395069355e-02-j1.19765299859381751935e-01
  +1.32918813364024789719e-02-j1.14521645233298469124e-01
  +1.21365340342343974722e-02-j1.09495381527579815906e-01
  +1.10804832560409995124e-02-j1.04679062600185696086e-01
  +1.01153829530666525272e-02-j1.00065288590896805943e-01
  +9.23355717010439225323e-03-j9.56467385334743430692e-02
  +8.42795153899718145485e-03-j9.14161975355215622452e-02
  +7.69208736591286013767e-03-j8.73665791814468711829e-02
  +7.02001834598482872540e-03-j8.34909437508456198085e-02
  +6.40628989653413676714e-03-j7.97825127850439602684e-02
  +5.84590106700655625510e-03-j7.62346804789088561272e-02
  +5.33426895845847022504e-03-j7.28410223235320675172e-02
  +4.86719556659230036255e-03-j6.95953013781020063400e-02
  +4.44083694883880362309e-03-j6.64914725061239164638e-02
  +4.05167460683685323741e-03-j6.35236848720000385482e-02
  +3.69648897004109643766e-03-j6.06862829586345756128e-02
  +3.37233486339488840525e-03-j5.79738063349649335176e-02
  +3.07651884144882108510e-03-j5.53809883738727790070e-02
  +2.80657827249399926400e-03-j5.29027540955512437515e-02
  +2.56026205880451745989e-03-j5.05342172888307850087e-02
  +2.33551288260906405106e-03-j4.82706770429443196568e-02
  +2.13045087166167414205e-03-j4.61076138045020747502e-02
  +1.94335858303213196950e-03-j4.40406850588167808613e-02
  +1.77266720880693410579e-03-j4.20657207209594249941e-02
  +1.61694391263763953201e-03-j4.01787183098344172216e-02
  +1.47488021138141305218e-03-j3.83758379679648015115e-02
  +1.34528132135907198610e-03-j3.66533973803994661544e-02
  +1.22705639394173732747e-03-j3.50078666380547118275e-02
  +1.11920957021660995648e-03-j3.34358630837390813362e-02
  +1.02083178933850843989e-03-j3.19341461729663947389e-02
  +9.31093289820473309255e-04-j3.04996123763257784289e-02
  +8.49236747437001355393e-04-j2.91292901455528774335e-02
  +7.74570997597444788757e-04-j2.78203349614472780771e-02
  +7.06465293990636068223e-04-j2.65700244783293876294e-02
  +6.44344059004998948557e-04-j2.53757537767575307164e-02
  +5.87682084895088858480e-04-j2.42350307336752154863e-02
  +5.36000147901458459665e-04-j2.31454715169708315214e-02
  +4.88861000544305642629e-04-j2.21047962095662041404e-02
  +4.45865710111596736352e-04-j2.11108245665616624243e-02
  +4.06650313959525144033e-04-j2.01614719076182932755e-02
  +3.70882764647940130556e-04-j1.92547451456213068732e-02
  +3.38260140156680915585e-04-j1.83887389517134146322e-02
  +3.08506096481556254998e-04-j1.75616320559904108556e-02
  +2.81368541801785450318e-04-j1.67716836824890608293e-02
  +2.56617513154750896340e-04-j1.60172301165555225344e-02
  +2.34043238158933162218e-04-j1.52966814022390245470e-02
  +2.13454365801881589849e-04-j1.46085181670011186872e-02
  +1.94676351666245241352e-04-j1.39512885707502708871e-02
  +1.77549984212137154085e-04-j1.33236053759950203584e-02
  +1.61930039876791067709e-04-j1.27241431357469642754e-02
  +1.47684055800434535554e-04-j1.21516354956893307682e-02
  +1.34691209947911799943e-04-j1.16048726070506532521e-02
  +1.22841299275718300772e-04-j1.10826986465801975712e-02
  +1.12033807400147949725e-04-j1.05840094400065313357e-02
  +1.02177053960191872731e-04-j1.01077501853694389639e-02
  +9.31874185441391127268e-05-j9.65291327264283446907e-03
  +8.49886326666775173810e-05-j9.21853619611025763836e-03
  +7.75111338483875300046e-05-j8.80369955601149889457e-03
  +7.06914763662341426743e-05-j8.40752514604644653196e-03
  +6.44717937160289232242e-05-j8.02917412339799498044e-03
  +5.87993082595703530583e-05-j7.66784525801861467642e-03
  +5.36258839236887897926e-05-j7.32277325801244504538e-03
  +4.89076181788719471810e-05-j6.99322716803594309626e-03
  +4.46044698544228267038e-05-j6.67850883773405193389e-03
  +4.06799196478394500397e-05-j6.37795145732365179742e-03
  +3.71006604607637099956e-05-j6.09091815753233425251e-03
  +3.38363149446401908159e-05-j5.81680067119642353612e-03
  +3.08591778682099784708e-05-j5.55501805391767165127e-03
  +2.81439811280160516601e-05-j5.30501546127269338338e-03
</dep>
<dep argH acfrequency>
  -9.01079998720910708698e+01
  -9.01130897363307639125e+01
  -9.01184194765626074286e+01
  -9.01240003975224794885e+01
  -9.01298443366551111922e+01
  -9.01359636892596540747e+01
  -9.01423714347395446111e+01
  -9.01490811641388489761e+01
  -9.01561071089593468741e+01
  -9.01634641713207116709e+01
  -9.01711679555702829703e+01
  -9.01792348013440516752e+01
  -9.01876818182285973080e+01
  -9.01965269220014818075e+01
  -9.02057888726251633216e+01
  -9.02154873139998016995e+01
  -9.02256428155881451403e+01
  -9.02362769160167204063e+01
  -9.02474121686989576574e+01
  -9.02590721896249448264e+01
  -9.02712817073932427547e+01
  -9.02840666155789932645e+01
  -9.02974540275847203930e+01
  -9.03114723340438132482e+01
  -9.03261512629349851977e+01
  -9.03415219425116617913e+01
  -9.03576169671750193402e+01
  -9.03744704664466524946e+01
  -9.03921181771624162593e+01
  -9.04105975190616106829e+01
  -9.04299476738904104423e+01
  -9.04502096682254261850e+01
  -9.04714264601552571321e+01
  -9.04936430300101903867e+01
  -9.05169064753328456163e+01
  -9.05412661102559894744e+01
  -9.05667735695250257777e+01
  -9.05934829173440760997e+01
  -9.06214507612828583660e+01
  -9.06507363714516429809e+01
  -9.06814018052071446618e+01
  -9.07135120376124035602e+01
  -9.07471350979079289800e+01
  -9.07823422122678067581e+01
  -9.08192079531078491073e+01
  -9.08578103952283271383e+01
  -9.08982312790802780000e+01
  -9.09405561814689775701e+01
  -9.09848746939927082167e+01
  -9.10312806095416107155e+01
  -9.10798721171886711545e+01
  -9.11307520058005451347e+01
  -9.11840278767230643098e+01
  -9.12398123658760766830e+01
  -9.12982233756258665380e+01
  -9.13593843167847552422e+01
  -9.14234243611012260544e+01
  -9.14904787045991838568e+01
  -9.15606888421207543161e+01
  -9.16342028534264727568e+01
  -9.17111757011947048568e+01
  -9.17917695412431697832e+01
  -9.18761540452863414430e+01
  -9.19645067365096906542e+01
  -9.20570133382185105120e+01
  -9.21538681357705797836e+01
  -9.22552743519614892875e+01
  -9.23614445359699089977e+01
  -9.24726009658987919693e+01
  -9.25889760648608302063e+01
  -9.27108128304626433192e+01
  -9.28383652774107872574e+01
  -9.29718988928316321108e+01
  -9.31116911037226770986e+01
  -9.32580317557642928250e+01
  -9.34112236024901676501e+01
  -9.35715828035543779606e+01
  -9.37394394305265876710e+01
  -9.39151379782989579326e+01
  -9.40990378797793880494e+01
  -9.42915140210843532032e+01
  -9.44929572539143691756e+01
  -9.47037749011845733094e+01
  -9.49243912512962282335e+01
  -9.51552480356461387601e+01
  -9.53968048830887198619e+01
  -9.56495397440559571578e+01
  -9.59139492759206291339e+01
  -9.61905491799178236079e+01
  -9.64798744785337589747e+01
  -9.67824797207022271550e+01
  -9.70989391004096944471e+01
  -9.74298464724090678146e+01
  -9.77758152466467720387e+01
  -9.81374781407475609285e+01
  -9.85154867674560108526e+01
  -9.89105110313318220960e+01
  -9.93232383062478874081e+01
  -9.97543723623868743289e+01
  -1.00204632008511225649e+02
  -1.00674749412368782941e+02
  -1.01165468059267524836e+02
  -1.01677540306230611122e+02
  -1.02211724486860873640e+02
  -1.02768781520284122166e+02
  -1.03349470976514695053e+02
  -1.03954546550552038298e+02
  -1.04584750898771503103e+02
  -1.05240809794061803473e+02
  -1.05923425561061179678e+02
  -1.06633269760178393426e+02
  -1.07370975099280045129e+02
  -1.08137126565421510804e+02
  -1.08932251786204773225e+02
  -1.09756810651601526274e+02
  -1.10611184252625406543e+02
  -1.11495663223133533393e+02
  -1.12410435605128483871e+02
  -1.13355574395747666472e+02
  -1.14331024974842350161e+02
  -1.15336592654394479496e+02
  -1.16371930633263147570e+02
  -1.17436528680663371915e+02
  -1.18529702906673676921e+02
  -1.19650587004874353170e+02
  -1.20798125367648125916e+02
  -1.21971068475417794730e+02
  -1.23167970944130161115e+02
  -1.24387192578207006477e+02
  -1.25626902717536012233e+02
  -1.26885088086761626869e+02
  -1.28159564254651627380e+02
  -1.29447990693934684714e+02
  -1.30747889302774439102e+02
  -1.32056666114587414995e+02
  -1.33371635791012408845e+02
  -1.34690048371855908727e+02
  -1.36009117653959009431e+02
  -1.37326050495399130114e+02
  -1.38638076297807771198e+02
  -1.39942475911127388599e+02
  -1.41236609232487097643e+02
  -1.42517940831983651151e+02
  -1.43784063028468182210e+02
  -1.45032715951425217327e+02
  -1.46261804252850538433e+02
  -1.47469410267309683604e+02
  -1.48653803550954449975e+02
  -1.49813446853953053051e+02
  -1.50946998689733476340e+02
  -1.52053312754521130046e+02
  -1.53131434519560741592e+02
  -1.54180595365524879981e+02
  -1.55200204654783135538e+02
  -1.56189840144436828950e+02
  -1.57149237134092771839e+02
  -1.58078276720473013484e+02
  -1.58976973499464634187e+02
  -1.59845463018298204361e+02
  -1.60683989239091715717e+02
  -1.61492892232450429901e+02
  -1.62272596278146949089e+02
  -1.63023598510599299516e+02
  -1.63746458210944041411e+02
  -1.64441786815597851046e+02
  -1.65110238683607065013e+02
  -1.65752502641833501684e+02
  -1.66369294307953850875e+02
  -1.66961349176059087540e+02
  -1.67529416437946565566e+02
  -1.68074253504574755880e+02
  -1.68596621186159296713e+02
  -1.69097279485605668015e+02
  -1.69576983957995793162e+02
  -1.70036482588315578823e+02
  -1.70476513140204133379e+02
  -1.70897800929950136606e+02
  -1.71301056982021520980e+02
  -1.71686976524896493856e+02
  -1.72056237788711968051e+02
  -1.72409501069130413953e+02
  -1.72747408024752473921e+02
  -1.73070581178295242353e+02
  -1.73379623594557244814e+02
  -1.73675118710866769334e+02
  -1.73957630298229162236e+02
  -1.74227702533738352031e+02
  -1.74485860166990562448e+02
  -1.74732608765229144865e+02
  -1.74968435023766147651e+02
  -1.75193807129871828465e+02
  -1.75409175169805337191e+02
  -1.75614971569993343792e+02
  -1.75811611564551213860e+02
  -1.75999493682402913919e+02
  -1.76179000248194142841e+02
  -1.76350497892027590296e+02
  -1.76514338063780400034e+02
  -1.76670857548410339177e+02
  -1.76820378979222653015e+02
  -1.76963211346564690984e+02
  -1.77099650499845779450e+02
  -1.77229979641157058268e+02
  -1.77354469809090034005e+02
  -1.77473380351635768193e+02
  -1.77586959387288032985e+02
  -1.77695444253684826208e+02
  -1.77799061943299847144e+02
  -1.77898029525849551646e+02
  -1.77992554557210809207e+02
  -1.78082835474754602956e+02
  -1.78169061979093896753e+02
  -1.78251415402320645853e+02
  -1.78330069062872013319e+02
  -1.78405188607218804009e+02
  -1.78476932338611788964e+02
  -1.78545451533156892765e+02
  -1.78610890743517586543e+02
  -1.78673388090563946662e+02
  -1.78733075543303726818e+02
  -1.78790079187441961039e+02
  -1.78844519482924113163e+02
  -1.78896511510820033664e+02
  -1.78946165209909878513e+02
  -1.78993585603329847800e+02
  -1.79038873015635061847e+02
  -1.79082123280630611362e+02
  -1.79123427940318066476e+02
  -1.79162874435295577769e+02
  -1.79200546286945353813e+02
  -1.79236523271730760598e+02
  -1.79270881587919461708e+02
  -1.79303694015037649478e+02
  -1.79335030066353311895e+02
  -1.79364956134674770283e+02
  -1.79393535631742850001e+02
  -1.79420829121485496671e+02
  -1.79446894447392395477e+02
  -1.79471786854259818256e+02
  -1.79495559104546089202e+02
  -1.79518261589567799774e+02
  -1.79539942435759428463e+02
  -1.79560647606209897731e+02
  -1.79580420997680789696e+02
  -1.79599304533302841946e+02
  -1.79617338251139727845e+02
  -1.79634560388799599195e+02
  -1.79651007464268730018e+02
  -1.79666714353132249471e+02
  -1.79681714362342518143e+02
  -1.79696039300686550177e+02
</dep>
<dep Pr1.v acfrequency>
  +1.00000000000000000000e+00
  +1.00000000000000000000e+00
  +1.00000000000000000000e+00
  +1.00000000000000000000e+00
  +1.00000000000000000000e+00
  +1.00000000000000000000e+00
  +1.00000000000000000000e+00
  +1.00000000000000000000e+00
  +1.00000000000000000000e+00
  +1.00000000000000000000e+00
  +1.00000000000000000000e+00
  +1.00000000000000000000e+00
  +1.00000000000000000000e+00
  +1.00000000000000000000e+00
  +1.00000000000000000000e+00
  +1.00000000000000000000e+00
  +1.00000000000000000000e+00
  +1.00000000000000000000e+00
  +1.00000000000000000000e+00
  +1.00000000000000000000e+00
  +1.00000000000000000000e+00
  +1.00000000000000000000e+00
  +1.00000000000000000000e+00
  +1.00000000000000000000e+00
  +1.00000000000000000000e+00
  +1.00000000000000000000e+00
  +1.00000000000000000000e+00
  +1.00000000000000000000e+00
  +1.00000000000000000000e+00
  +1.00000000000000000000e+00
  +1.00000000000000000000e+00
  +1.00000000000000000000e+00
  +1.00000000000000000000e+00
  +1.00000000000000000000e+00
  +1.00000000000000000000e+00
  +1.00000000000000000000e+00
  +1.00000000000000000000e+00
  +1.00000000000000000000e+00
  +1.00000000000000000000e+00
  +1.00000000000000000000e+00
  +1.00000000000000000000e+00
  +1.00000000000000000000e+00
  +1.00000000000000000000e+00
  +1.00000000000000000000e+00
  +1.00000000000000000000e+00
  +1.00000000000000000000e+00
  +1.00000000000000000000e+00
  +1.00000000000000000000e+00
  +1.00000000000000000000e+00
  +1.00000000000000000000e+00
  +1.00000000000000000000e+00
  +1.00000000000000000000e+00
  +1.00000000000000000000e+00
  +1.00000000000000000000e+00
  +1.00000000000000000000e+00
  +1.00000000000000000000e+00
  +1.00000000000000000000e+00
  +1.00000000000000000000e+00
  +1.00000000000000000000e+00
  +1.00000000000000000000e+00
  +1.00000000000000000000e+00
  +1.00000000000000000000e+00
  +1.00000000000000000000e+00
  +1.00000000000000000000e+00
  +1.00000000000000000000e+00
  +1.00000000000000000000e+00
  +1.00000000000000000000e+00
  +1.00000000000000000000e+00
  +1.00000000000000000000e+00
  +1.00000000000000000000e+00
  +1.00000000000000000000e+00
  +1.00000000000000000000e+00
  +1.00000000000000000000e+00
  +1.00000000000000000000e+00
  +1.00000000000000000000e+00
  +1.00000000000000000000e+00
  +1.00000000000000000000e+00
  +1.00000000000000000000e+00
  +1.00000000000000000000e+00
  +1.00000000000000000000e+00
  +1.00000000000000000000e+00
  +1.00000000000000000000e+00
  +1.00000000000000000000e+00
  +1.00000000000000000000e+00
  +1.00000000000000000000e+00
  +1.00000000000000000000e+00
  +1.00000000000000000000e+00
  +1.00000000000000000000e+00
  +1.00000000000000000000e+00
  +1.00000000000000000000e+00
  +1.00000000000000000000e+00
  +1.00000000000000000000e+00
  +1.00000000000000000000e+00
  +1.00000000000000000000e+00
  +1.00000000000000000000e+00
  +1.00000000000000000000e+00
  +1.00000000000000000000e+00
  +1.00000000000000000000e+00
  +1.00000000000000000000e+00
  +1.00000000000000000000e+00
  +1.00000000000000000000e+00
  +1.00000000000000000000e+00
  +1.00000000000000000000e+00
  +1.00000000000000000000e+00
  +1.00000000000000000000e+00
  +1.00000000000000000000e+00
  +1.00000000000000000000e+00
  +1.00000000000000000000e+00
  +1.00000000000000000000e+00
  +1.00000000000000000000e+00
  +1.00000000000000000000e+00
  +1.00000000000000000000e+00
  +1.00000000000000000000e+00
  +1.00000000000000000000e+00
  +1.00000000000000000000e+00
  +1.00000000000000000000e+00
  +1.00000000000000000000e+00
  +1.00000000000000000000e+00
  +1.00000000000000000000e+00
  +1.00000000000000000000e+00
  +1.00000000000000000000e+00
  +1.00000000000000000000e+00
  +1.00000000000000000000e+00
  +1.00000000000000000000e+00
  +1.00000000000000000000e+00
  +1.00000000000000000000e+00
  +1.00000000000000000000e+00
  +1.00000000000000000000e+00
  +1.00000000000000000000e+00
  +1.00000000000000000000e+00
  +1.00000000000000000000e+00
  +1.00000000000000000000e+00
  +1.00000000000000000000e+00
  +1.00000000000000000000e+00
  +1.00000000000000000000e+00
  +1.00000000000000000000e+00
  +1.00000000000000000000e+00
  +1.00000000000000000000e+00
  +1.00000000000000000000e+00
  +1.00000000000000000000e+00
  +1.00000000000000000000e+00
  +1.00000000000000000000e+00
  +1.00000000000000000000e+00
  +1.00000000000000000000e+00
  +1.00000000000000000000e+00
  +1.00000000000000000000e+00
  +1.00000000000000000000e+00
  +1.00000000000000000000e+00
  +1.00000000000000000000e+00
  +1.00000000000000000000e+00
  +1.00000000000000000000e+00
  +1.00000000000000000000e+00
  +1.00000000000000000000e+00
  +1.00000000000000000000e+00
  +1.00000000000000000000e+00
  +1.00000000000000000000e+00
  +1.00000000000000000000e+00
  +1.00000000000000000000e+00
  +1.00000000000000000000e+00
  +1.00000000000000000000e+00
  +1.00000000000000000000e+00
  +1.00000000000000000000e+00
  +1.00000000000000000000e+00
  +1.00000000000000000000e+00
  +1.00000000000000000000e+00
  +1.00000000000000000000e+00
  +1.00000000000000000000e+00
  +1.00000000000000000000e+00
  +1.00000000000000000000e+00
  +1.00000000000000000000e+00
  +1.00000000000000000000e+00
  +1.00000000000000000000e+00
  +1.00000000000000000000e+00
  +1.00000000000000000000e+00
  +1.00000000000000000000e+00
  +1.00000000000000000000e+00
  +1.00000000000000000000e+00
  +1.00000000000000000000e+00
  +1.00000000000000000000e+00
  +1.00000000000000000000e+00
  +1.00000000000000000000e+00
  +1.00000000000000000000e+00
  +1.00000000000000000000e+00
  +1.00000000000000000000e+00
  +1.00000000000000000000e+00
  +1.00000000000000000000e+00
  +1.00000000000000000000e+00
  +1.00000000000000000000e+00
  +1.00000000000000000000e+00
  +1.00000000000000000000e+00
  +1.00000000000000000000e+00
  +1.00000000000000000000e+00
  +1.00000000000000000000e+00
  +1.00000000000000000000e+00
  +1.00000000000000000000e+00
  +1.00000000000000000000e+00
  +1.00000000000000000000e+00
  +1.00000000000000000000e+00
  +1.00000000000000000000e+00
  +1.00000000000000000000e+00
  +1.00000000000000000000e+00
  +1.00000000000000000000e+00
  +1.00000000000000000000e+00
  +1.00000000000000000000e+00
  +1.00000000000000000000e+00
  +1.00000000000000000000e+00
  +1.00000000000000000000e+00
  +1.00000000000000000000e+00
  +1.00000000000000000000e+00
  +1.00000000000000000000e+00
  +1.00000000000000000000e+00
  +1.00000000000000000000e+00
  +1.00000000000000000000e+00
  +1.00000000000000000000e+00
  +1.00000000000000000000e+00
  +1.00000000000000000000e+00
  +1.00000000000000000000e+00
  +1.00000000000000000000e+00
  +1.00000000000000000000e+00
  +1.00000000000000000000e+00
  +1.00000000000000000000e+00
  +1.00000000000000000000e+00
  +1.00000000000000000000e+00
  +1.00000000000000000000e+00
  +1.00000000000000000000e+00
  +1.00000000000000000000e+00
  +1.00000000000000000000e+00
  +1.00000000000000000000e+00
  +1.00000000000000000000e+00
  +1.00000000000000000000e+00
  +1.00000000000000000000e+00
  +1.00000000000000000000e+00
  +1.00000000000000000000e+00
  +1.00000000000000000000e+00
  +1.00000000000000000000e+00
  +1.00000000000000000000e+00
  +1.00000000000000000000e+00
  +1.00000000000000000000e+00
  +1.00000000000000000000e+00
  +1.00000000000000000000e+00
  +1.00000000000000000000e+00
  +1.00000000000000000000e+00
  +1.00000000000000000000e+00
  +1.00000000000000000000e+00
  +1.00000000000000000000e+00
  +1.00000000000000000000e+00
  +1.00000000000000000000e+00
  +1.00000000000000000000e+00
  +1.00000000000000000000e+00
  +1.00000000000000000000e+00
  +1.00000000000000000000e+00
</dep>
<dep Pr2.v acfrequency>
  +9.99996446955039752780e-01-j1.88494889482190884980e-03
  +9.99996104165006616249e-01-j1.97378312278919569936e-03
  +9.99995728303479713972e-01-j2.06680387869824034111e-03
  +9.99995316179835169734e-01-j2.16420845268160393776e-03
  +9.99994864295635443874e-01-j2.26620343066918829983e-03
  +9.99994368814932532707e-01-j2.37300513215972248143e-03
  +9.99993825531709568111e-01-j2.48484006857548631389e-03
  +9.99993229834179819804e-01-j2.60194542316319202616e-03
  +9.99992576665642562972e-01-j2.72456955344823649467e-03
  +9.99991860481563854535e-01-j2.85297251729581388333e-03
  +9.99991075202516066511e-01-j2.98742662368061372147e-03
  +9.99990214162580048907e-01-j3.12821700931715076036e-03
  +9.99989270052768275399e-01-j3.27564224235523055243e-03
  +9.99988234858994018417e-01-j3.43001495439972407461e-03
  +9.99987099794055200874e-01-j3.59166250217068548298e-03
  +9.99985855223060160490e-01-j3.76092766017916075097e-03
  +9.99984490581661389363e-01-j3.93816934585559420834e-03
  +9.99982994286402804285e-01-j4.12376337863180550403e-03
  +9.99981353636423486719e-01-j4.31810327454404310060e-03
  +9.99979554705681450422e-01-j4.52160107799365069275e-03
  +9.99977582224785499498e-01-j4.73468823237342163746e-03
  +9.99975419451434754947e-01-j4.95781649134189976447e-03
  +9.99973048028365174567e-01-j5.19145887260449509504e-03
  +9.99970447827603248214e-01-j5.43611065613950304731e-03
  +9.99967596779704592791e-01-j5.69229042888882551948e-03
  +9.99964470686533157817e-01-j5.96054117801726474762e-03
  +9.99961043015996531302e-01-j6.24143143493071945321e-03
  +9.99957284676998070516e-01-j6.53555647233222680725e-03
  +9.99953163772703934598e-01-j6.84353955668543997848e-03
  +9.99948645330035246204e-01-j7.16603325854756490615e-03
  +9.99943691003102430592e-01-j7.50372082332774383712e-03
  +9.99938258748070074589e-01-j7.85731760512191866608e-03
  +9.99932302466709055366e-01-j8.22757256637116768383e-03
  +9.99925771615624459088e-01-j8.61526984618646123060e-03
  +9.99918610777859595551e-01-j9.02123040027845608801e-03
  +9.99910759193266218681e-01-j9.44631371552553250615e-03
  +9.99902150243676235419e-01-j9.89141960230563270506e-03
  +9.99892710888541924596e-01-j1.03574900678068803489e-02
  +9.99882361046290357720e-01-j1.08455112736169680121e-02
  +9.99871012916191292952e-01-j1.13565155809705296830e-02
  +9.99858570235034216367e-01-j1.18915836871054548390e-02
  +9.99844927462376853455e-01-j1.24518468562412210759e-02
  +9.99829968887531173038e-01-j1.30384892487426882340e-02
  +9.99813567650803203257e-01-j1.36527503520685999233e-02
  +9.99795584670798431759e-01-j1.42959275171217845696e-02
  +9.99775867468830070628e-01-j1.49693786036148631519e-02
  +9.99754248880624030171e-01-j1.56745247380358290745e-02
  +9.99730545644588186605e-01-j1.64128531877380696991e-02
  +9.99704556854913994890e-01-j1.71859203545831930315e-02
  +9.99676062266676601631e-01-j1.79953548914258305846e-02
  +9.99644820438904013749e-01-j1.88428609445396924582e-02
  +9.99610566700286029551e-01-j1.97302215248351224541e-02
  +9.99573010920769333687e-01-j2.06593020103997548897e-02
  +9.99531835070750274141e-01-j2.16320537824944286731e-02
  +9.99486690547890077596e-01-j2.26505179966423504656e-02
  +9.99437195249762599936e-01-j2.37168294898461237685e-02
  +9.99382930368564736945e-01-j2.48332208242364842199e-02
  +9.99323436881978777180e-01-j2.60020264665785996727e-02
  +9.99258211711958943546e-01-j2.72256871020138090100e-02
  +9.99186703520706487325e-01-j2.85067540791701413971e-02
  +9.99108308110395193502e-01-j2.98478939823039884915e-02
  +9.99022363390299483754e-01-j3.12518933244046726028e-02
  +9.98928143871842810775e-01-j3.27216633531622197451e-02
  +9.98824854648730386941e-01-j3.42602449593256003224e-02
  +9.98711624815734722027e-01-j3.58708136742101127425e-02
  +9.98587500275877504308e-01-j3.75566847398953601589e-02
  +9.98451435881675397610e-01-j3.93213182319212609106e-02
  +9.98302286851809328461e-01-j4.11683242099695270722e-02
  +9.98138799400034137932e-01-j4.31014678670280093620e-02
  +9.97959600508387834061e-01-j4.51246746417824570741e-02
  +9.97763186771796317664e-01-j4.72420352523652345433e-02
  +9.97547912236055434043e-01-j4.94578106019913921187e-02
  +9.97311975145920515118e-01-j5.17764364983078553828e-02
  +9.97053403514735592239e-01-j5.42025281183214288627e-02
  +9.96770039421741693708e-01-j5.67408841394036952965e-02
  +9.96459521938038328415e-01-j5.93964904439185648055e-02
  +9.96119268577249417085e-01-j6.21745232902916333817e-02
  +9.95746455162435983866e-01-j6.50803518266366148870e-02
  +9.95337993996898373616e-01-j6.81195398041466587680e-02
  +9.94890510223481294716e-01-j7.12978463261154937758e-02
  +9.94400316255129701482e-01-j7.46212254444251488206e-02
  +9.93863384159123341988e-01-j7.80958243883634883886e-02
  +9.93275315879095788141e-01-j8.17279801804641076179e-02
  +9.92631311183152620359e-01-j8.55242143604243998389e-02
  +9.91926133233801965439e-01-j8.94912255008261936506e-02
  +9.91154071686748072700e-01-j9.36358791571302306878e-02
  +9.90308903241804761031e-01-j9.79651948490819352022e-02
  +9.89383849591285780001e-01-j1.02486329621144386937e-01
  +9.88371532740485503332e-01-j1.07206557675865968293e-01
  +9.87263927712666800041e-01-j1.12133245516327778590e-01
  +9.86052312698958433046e-01-j1.17273821972313591067e-01
  +9.84727216773576774500e-01-j1.22635742420152640819e-01
  +9.83278365368846052341e-01-j1.28226446439165753244e-01
  +9.81694623794921783499e-01-j1.34053308079542604636e-01
  +9.79963939198341460468e-01-j1.40123577849021185848e-01
  +9.78073281484209133829e-01-j1.46444315461270707646e-01
  +9.76008583881685432004e-01-j1.53022312330432619376e-01
  +9.73754684014261018277e-01-j1.59864002747797273596e-01
  +9.71295266547665847590e-01-j1.66975362643009522801e-01
  +9.68612808731550645192e-01-j1.74361794819642285104e-01
  +9.65688530428021829621e-01-j1.82027999570915755001e-01
  +9.62502350531635131325e-01-j1.89977829634703720973e-01
  +9.59032852031134419590e-01-j1.98214128548301615762e-01
  +9.55257258340873938174e-01-j2.06738551624874256074e-01
  +9.51151423934834872043e-01-j2.15551369008807169880e-01
  +9.46689842740671139154e-01-j2.24651250591476947527e-01
  +9.41845678183504841918e-01-j2.34035032998392539261e-01
  +9.36590819192612111799e-01-j2.43697469409766054316e-01
  +9.30895966876229996601e-01-j2.53630963665320063871e-01
  +9.24730756901358530442e-01-j2.63825290944592782960e-01
  +9.18063922850113955931e-01-j2.74267308316492597342e-01
  +9.10863505917596905093e-01-j2.84940659620737113400e-01
  +9.03097116216418860368e-01-j2.95825480474564528333e-01
  +8.94732250601160683523e-01-j3.06898110674116708640e-01
  +8.85736671258460117606e-01-j3.18130822848781413814e-01
  +8.76078848259710940560e-01-j3.29491577876657282253e-01
  +8.65728467781273658410e-01-j3.40943819205396236871e-01
  +8.54657005709041239783e-01-j3.52446319744577796218e-01
  +8.42838363825789027572e-01-j3.63953096276506238294e-01
  +8.30249562724632017563e-01-j3.75413407219546857441e-01
  +8.16871482033148965662e-01-j3.86771849898768782516e-01
  +8.02689634553752640045e-01-j3.97968573047817020250e-01
  +7.87694956670539014887e-01-j4.08939618900317269912e-01
  +7.71884593051981537926e-01-j4.19617406765923350864e-01
  +7.55262649571424415917e-01-j4.29931366306037510139e-01
  +7.37840884813778075113e-01-j4.39808723777734000837e-01
  +7.19639307922442794663e-01-j4.49175438348258737609e-01
  +7.00686649267852068590e-01-j4.57957278362995490184e-01
  +6.81020670869660560420e-01-j4.66081019478264191314e-01
  +6.60688285992028223603e-01-j4.73475738285441705155e-01
  +6.39745462050150814903e-01-j4.80074167016295350052e-01
  +6.18256887943122279694e-01-j4.85814067781088265718e-01
  +5.96295395984987264271e-01-j4.90639579235200407048e-01
  +5.73941139339888772852e-01-j4.94502485244633804840e-01
  +5.51280537659544878082e-01-j4.97363354558162107377e-01
  +5.28405015674143552218e-01-j4.99192503033200285500e-01
  +5.05409570892307979939e-01-j4.99970735686361078542e-01
  +4.82391216393137811647e-01-j4.99689834537272503656e-01
  +4.59447352097819505801e-01-j4.98352769379404425543e-01
  +4.36674122228447592065e-01-j4.95973621480480020285e-01
  +4.14164817502624071910e-01-j4.92577223839716527021e-01
  +3.92008377896548743102e-01-j4.88198534978819265184e-01
  +3.70288045786380248803e-01-j4.82881775317814010418e-01
  +3.49080210492473563821e-01-j4.76679365123983456165e-01
  +3.28453474474575124464e-01-j4.69650710188066033979e-01
  +3.08467959561063598262e-01-j4.61860885424710598812e-01
  +2.89174859572571330002e-01-j4.53379267461311075138e-01
  +2.70616234379734144078e-01-j4.44278165195935437204e-01
  +2.52825030526074967518e-01-j4.34631492721781753641e-01
  +2.35825305557049919036e-01-j4.24513522536060006196e-01
  +2.19632627408005792757e-01-j4.13997749252169089385e-01
  +2.04254616682972983677e-01-j4.03155885789436063682e-01
  +1.89691598281500506396e-01-j3.92057005833221061675e-01
  +1.75937329338178544136e-01-j3.80766838739310164996e-01
  +1.62979772473257206178e-01-j3.69347216366690045408e-01
  +1.50801886514836891440e-01-j3.57855665790557442296e-01
  +1.39382410745912177497e-01-j3.46345137573158379229e-01
  +1.28696622988869385784e-01-j3.34863856246281399454e-01
  +1.18717056156653316679e-01-j3.23455277796098672471e-01
  +1.09414162030545172866e-01-j3.12158138093016568337e-01
  +1.00756914794602636665e-01-j3.01006576200048947545e-01
  +9.27133501555044425846e-02-j2.90030317136756032870e-01
  +8.52510386484987281452e-02-j2.79254899792019617433e-01
  +7.83374939645913731523e-02-j2.68701937104924848398e-01
  +7.19405188535902906377e-02-j2.58389397229581596616e-01
  +6.60284924073334250627e-02-j2.48331896053946565850e-01
  +6.05706033660057541201e-02-j2.38540993068033835289e-01
  +5.55370345825451777744e-02-j2.29025484111097049622e-01
  +5.08991039907059142355e-02-j2.19791685929311753078e-01
  +4.66293674128207269458e-02-j2.10843708721652173255e-01
  +4.27016883690061258005e-02-j2.02183713932261172053e-01
  +3.90912797584538340701e-02-j1.93812155463222030027e-01
  +3.57747219157018847557e-02-j1.85728003240104022620e-01
  +3.27299611328947387401e-02-j1.77928948676526338391e-01
  +2.99362923085158237624e-02-j1.70411592068541284384e-01
  +2.73743289531635514145e-02-j1.63171612321284437153e-01
  +2.50259633675894745120e-02-j1.56203919685498127112e-01
  +2.28743194169771998925e-02-j1.49502792375886095488e-01
  +2.09036999643270986204e-02-j1.43061998071215584760e-01
  +1.90995306980950747822e-02-j1.36874901370585833060e-01
  +1.74483017960798611479e-02-j1.30934558312589016671e-01
  +1.59375086086303990873e-02-j1.25233799063911771521e-01
  +1.45555923181395069355e-02-j1.19765299859381751935e-01
  +1.32918813364024789719e-02-j1.14521645233298469124e-01
  +1.21365340342343974722e-02-j1.09495381527579815906e-01
  +1.10804832560409995124e-02-j1.04679062600185696086e-01
  +1.01153829530666525272e-02-j1.00065288590896805943e-01
  +9.23355717010439225323e-03-j9.56467385334743430692e-02
  +8.42795153899718145485e-03-j9.14161975355215622452e-02
  +7.69208736591286013767e-03-j8.73665791814468711829e-02
  +7.02001834598482872540e-03-j8.34909437508456198085e-02
  +6.40628989653413676714e-03-j7.97825127850439602684e-02
  +5.84590106700655625510e-03-j7.62346804789088561272e-02
  +5.33426895845847022504e-03-j7.28410223235320675172e-02
  +4.86719556659230036255e-03-j6.95953013781020063400e-02
  +4.44083694883880362309e-03-j6.64914725061239164638e-02
  +4.05167460683685323741e-03-j6.35236848720000385482e-02
  +3.69648897004109643766e-03-j6.06862829586345756128e-02
  +3.37233486339488840525e-03-j5.79738063349649335176e-02
  +3.07651884144882108510e-03-j5.53809883738727790070e-02
  +2.80657827249399926400e-03-j5.29027540955512437515e-02
  +2.56026205880451745989e-03-j5.05342172888307850087e-02
  +2.33551288260906405106e-03-j4.82706770429443196568e-02
  +2.13045087166167414205e-03-j4.61076138045020747502e-02
  +1.94335858303213196950e-03-j4.40406850588167808613e-02
  +1.77266720880693410579e-03-j4.20657207209594249941e-02
  +1.61694391263763953201e-03-j4.01787183098344172216e-02
  +1.47488021138141305218e-03-j3.83758379679648015115e-02
  +1.34528132135907198610e-03-j3.66533973803994661544e-02
  +1.22705639394173732747e-03-j3.50078666380547118275e-02
  +1.11920957021660995648e-03-j3.34358630837390813362e-02
  +1.02083178933850843989e-03-j3.19341461729663947389e-02
  +9.31093289820473309255e-04-j3.04996123763257784289e-02
  +8.49236747437001355393e-04-j2.91292901455528774335e-02
  +7.74570997597444788757e-04-j2.78203349614472780771e-02
  +7.06465293990636068223e-04-j2.65700244783293876294e-02
  +6.44344059004998948557e-04-j2.53757537767575307164e-02
  +5.87682084895088858480e-04-j2.42350307336752154863e-02
  +5.36000147901458459665e-04-j2.31454715169708315214e-02
  +4.88861000544305642629e-04-j2.21047962095662041404e-02
  +4.45865710111596736352e-04-j2.11108245665616624243e-02
  +4.06650313959525144033e-04-j2.01614719076182932755e-02
  +3.70882764647940130556e-04-j1.92547451456213068732e-02
  +3.38260140156680915585e-04-j1.83887389517134146322e-02
  +3.08506096481556254998e-04-j1.75616320559904108556e-02
  +2.81368541801785450318e-04-j1.67716836824890608293e-02
  +2.56617513154750896340e-04-j1.60172301165555225344e-02
  +2.34043238158933162218e-04-j1.52966814022390245470e-02
  +2.13454365801881589849e-04-j1.46085181670011186872e-02
  +1.94676351666245241352e-04-j1.39512885707502708871e-02
  +1.77549984212137154085e-04-j1.33236053759950203584e-02
  +1.61930039876791067709e-04-j1.27241431357469642754e-02
  +1.47684055800434535554e-04-j1.21516354956893307682e-02
  +1.34691209947911799943e-04-j1.16048726070506532521e-02
  +1.22841299275718300772e-04-j1.10826986465801975712e-02
  +1.12033807400147949725e-04-j1.05840094400065313357e-02
  +1.02177053960191872731e-04-j1.01077501853694389639e-02
  +9.31874185441391127268e-05-j9.65291327264283446907e-03
  +8.49886326666775173810e-05-j9.21853619611025763836e-03
  +7.75111338483875300046e-05-j8.80369955601149889457e-03
  +7.06914763662341426743e-05-j8.40752514604644653196e-03
  +6.44717937160289232242e-05-j8.02917412339799498044e-03
  +5.87993082595703530583e-05-j7.66784525801861467642e-03
  +5.36258839236887897926e-05-j7.32277325801244504538e-03
  +4.89076181788719471810e-05-j6.99322716803594309626e-03
  +4.46044698544228267038e-05-j6.67850883773405193389e-03
  +4.06799196478394500397e-05-j6.37795145732365179742e-03
  +3.71006604607637099956e-05-j6.09091815753233425251e-03
  +3.38363149446401908159e-05-j5.81680067119642353612e-03
  +3.08591778682099784708e-05-j5.55501805391767165127e-03
  +2.81439811280160516601e-05-j5.30501546127269338338e-03
</dep>
<dep V1.i acfrequency>
  -3.55304496029796093581e-10-j1.88494889482190885065e-07
  -3.89583499344598425951e-10-j1.97378312278919587554e-07
  -4.27169652027128282645e-10-j2.06680387869824032417e-07
  -4.68382016480836486927e-10-j2.16420845268160410166e-07
  -5.13570436449107409205e-10-j2.26620343066918832651e-07
  -5.63118506753429622080e-10-j2.37300513215972247677e-07
  -6.17446829044099657069e-10-j2.48484006857548635031e-07
  -6.77016582023765890741e-10-j2.60194542316319227518e-07
  -7.42333435742531869139e-10-j2.72456955344823683010e-07
  -8.13951843615543998989e-10-j2.85297251729581427381e-07
  -8.92479748388968693873e-10-j2.98742662368061393831e-07
  -9.78583741993656504310e-10-j3.12821700931715109747e-07
  -1.07299472316957616308e-09-j3.27564224235523095561e-07
  -1.17651410059301918948e-09-j3.43001495439972428891e-07
  -1.29002059448340370557e-09-j3.59166250217068559479e-07
  -1.41447769398976228028e-09-j3.76092766017916073318e-07
  -1.55094183386405605474e-09-j3.93816934585559445737e-07
  -1.70057135971538649771e-09-j4.12376337863180562769e-07
  -1.86463635765794170235e-09-j4.31810327454404345720e-07
  -2.04452943184979703262e-09-j4.52160107799365067666e-07
  -2.24177752145633853165e-09-j4.73468823237342161459e-07
  -2.45805485652741094460e-09-j4.95781649134190039297e-07
  -2.69519716348523216687e-09-j5.19145887260449551008e-07
  -2.95521723967504847119e-09-j5.43611065613950319131e-07
  -3.24032202953579862720e-09-j5.69229042888882609885e-07
  -3.55293134668454354402e-09-j5.96054117801726530497e-07
  -3.89569840034370389048e-09-j6.24143143493071955655e-07
  -4.27153230019331701245e-09-j6.53555647233222709355e-07
  -4.68362272960053376697e-09-j6.84353955668544057310e-07
  -5.13546699647737456274e-09-j7.16603325854756553295e-07
  -5.63089968976090895353e-09-j7.50372082332774466382e-07
  -6.17412519299655269261e-09-j7.85731760512191890325e-07
  -6.76975332909723892527e-09-j8.22757256637116837331e-07
  -7.42283843755114219887e-09-j8.61526984618646160668e-07
  -8.13892221404133395929e-09-j9.02123040027845622862e-07
  -8.92408067338116769984e-09-j9.44631371552553266878e-07
  -9.78497563238010098496e-09-j9.89141960230563365374e-07
  -1.07289111458058273110e-08-j1.03574900678068802066e-06
  -1.17638953709602381292e-08-j1.08455112736169685169e-06
  -1.28987083808661294818e-08-j1.13565155809705305673e-06
  -1.41429764965718364131e-08-j1.18915836871054560317e-06
  -1.55072537623153049874e-08-j1.24518468562412223600e-06
  -1.70031112468795736481e-08-j1.30384892487426879528e-06
  -1.86432349196863963309e-08-j1.36527503520686010583e-06
  -2.04415329201599899750e-08-j1.42959275171217842511e-06
  -2.24132531169961030787e-08-j1.49693786036148647951e-06
  -2.45751119375906944969e-08-j1.56745247380358301011e-06
  -2.69454355411781086224e-08-j1.64128531877380711898e-06
  -2.95443145085957621990e-08-j1.71859203545831931942e-06
  -3.23937733323436099359e-08-j1.79953548914258314757e-06
  -3.55179561095978445218e-08-j1.88428609445396927936e-06
  -3.89433299714033332589e-08-j1.97302215248351255102e-06
  -4.26989079230693851716e-08-j2.06593020103997546729e-06
  -4.68164929249669913708e-08-j2.16320537824944285986e-06
  -5.13309452109905707193e-08-j2.26505179966423506892e-06
  -5.62804750237408521127e-08-j2.37168294898461234568e-06
  -6.17069631435286040239e-08-j2.48332208242364846536e-06
  -6.76563118021171428992e-08-j2.60020264665786017530e-06
  -7.41788288041001593262e-08-j2.72256871020138101010e-06
  -8.13296479293569704247e-08-j2.85067540791701430167e-06
  -8.91691889604815388429e-08-j2.98478939823039896503e-06
  -9.77636609700543567775e-08-j3.12518933244046730364e-06
  -1.07185612815716775799e-07-j3.27216633531622211952e-06
  -1.17514535126960958933e-07-j3.42602449593256032159e-06
  -1.28837518426527970761e-07-j3.58708136742101157783e-06
  -1.41249972412246728622e-07-j3.75566847398953626729e-06
  -1.54856411832454189149e-07-j3.93213182319212648950e-06
  -1.69771314819066850357e-07-j4.11683242099695310973e-06
  -1.86120059996586597120e-07-j4.31014678670280073291e-06
  -2.04039949161220908989e-07-j4.51246746417824550954e-06
  -2.23681322820374153294e-07-j4.72420352523652335540e-06
  -2.45208776394455901793e-07-j4.94578106019913961710e-06
  -2.68802485407950006099e-07-j5.17764364983078561959e-06
  -2.94659648526442901131e-07-j5.42025281183214341753e-06
  -3.22996057825833946843e-07-j5.67408841394036985898e-06
  -3.54047806196166377907e-07-j5.93964904439185637891e-06
  -3.88073142275056925422e-07-j6.21745232902916371764e-06
  -4.25354483756405017843e-07-j6.50803518266366145888e-06
  -4.66200600310158409963e-07-j6.81195398041466634842e-06
  -5.10948977651865280866e-07-j7.12978463261154938029e-06
  -5.59968374487035880013e-07-j7.46212254444251513413e-06
  -6.13661584087659577914e-07-j7.80958243883634993391e-06
  -6.72468412090415786596e-07-j8.17279801804641161289e-06
  -7.36868881684742040722e-07-j8.55242143604243962882e-06
  -8.07386676619808356728e-07-j8.94912255008261902354e-06
  -8.84592831325195332048e-07-j9.36358791571302377080e-06
  -9.69109675819530011834e-07-j9.79651948490819389969e-06
  -1.06161504087141781490e-06-j1.02486329621144395963e-05
  -1.16284672595145187855e-06-j1.07206557675865972793e-05
  -1.27360722873331912858e-06-j1.12133245516327790110e-05
  -1.39476873010415671709e-06-j1.17273821972313588437e-05
  -1.52727832264231832161e-06-j1.22635742420152645319e-05
  -1.67216346311539212043e-06-j1.28226446439165761592e-05
  -1.83053762050781930817e-06-j1.34053308079542612307e-05
  -2.00360608016585985125e-06-j1.40123577849021189372e-05
  -2.19267185157908577140e-06-j1.46444315461270708296e-05
  -2.39914161183146183026e-06-j1.53022312330432621111e-05
  -2.62453159857389752181e-06-j1.59864002747797275927e-05
  -2.87047334523341608672e-06-j1.66975362643009534022e-05
  -3.13871912684494187764e-06-j1.74361794819642305704e-05
  -3.43114695719782289256e-06-j1.82027999570915754567e-05
  -3.74976494683648545799e-06-j1.89977829634703723901e-05
  -4.09671479688655294522e-06-j1.98214128548301624978e-05
  -4.47427416591259993761e-06-j2.06738551624874269572e-05
  -4.88485760651651240542e-06-j2.15551369008807170260e-05
  -5.33101572593289206939e-06-j2.24651250591476952460e-05
  -5.81543218164951502755e-06-j2.34035032998392536388e-05
  -6.34091808073878899360e-06-j2.43697469409766063586e-05
  -6.91040331237699836670e-06-j2.53630963665320070431e-05
  -7.52692430986414372489e-06-j2.63825290944592808602e-05
  -8.19360771498860987125e-06-j2.74267308316492618213e-05
  -8.91364940824030511056e-06-j2.84940659620737126681e-05
  -9.69028837835810962636e-06-j2.95825480474564554733e-05
  -1.05267749398839377409e-05-j3.06898110674116750382e-05
  -1.14263328741539903861e-05-j3.18130822848781453930e-05
  -1.23921151740289097604e-05-j3.29491577876657313262e-05
  -1.34271532218726408594e-05-j3.40943819205396231992e-05
  -1.45342994290958776264e-05-j3.52446319744577812915e-05
  -1.57161636174210948358e-05-j3.63953096276506261170e-05
  -1.69750437275368020601e-05-j3.75413407219546906663e-05
  -1.83128517966851036289e-05-j3.86771849898768807995e-05
  -1.97310365446247393782e-05-j3.97968573047817065894e-05
  -2.12305043329461039323e-05-j4.08939618900317262105e-05
  -2.28115406948018476169e-05-j4.19617406765923384475e-05
  -2.44737350428575614007e-05-j4.29931366306037559470e-05
  -2.62159115186221978663e-05-j4.39808723777734023063e-05
  -2.80360692077557242417e-05-j4.49175438348258768183e-05
  -2.99313350732147886090e-05-j4.57957278362995488666e-05
  -3.18979329130339434159e-05-j4.66081019478264201397e-05
  -3.39311714007971851424e-05-j4.73475738285441695289e-05
  -3.60254537949849146282e-05-j4.80074167016295377483e-05
  -3.81743112056877700357e-05-j4.85814067781088312664e-05
  -4.03704604015012738982e-05-j4.90639579235200415830e-05
  -4.26058860660111273226e-05-j4.94502485244633811236e-05
  -4.48719462340455157263e-05-j4.97363354558162142072e-05
  -4.71594984325856444421e-05-j4.99192503033200299812e-05
  -4.94590429107692053238e-05-j4.99970735686361099901e-05
  -5.17608783606862200063e-05-j4.99689834537272545181e-05
  -5.40552647902180552746e-05-j4.98352769379404480403e-05
  -5.63325877771552442305e-05-j4.95973621480480064520e-05
  -5.85835182497375966579e-05-j4.92577223839716575159e-05
  -6.07991622103451300049e-05-j4.88198534978819291205e-05
  -6.29711954213619715635e-05-j4.82881775317814060182e-05
  -6.50919789507526459814e-05-j4.76679365123983478174e-05
  -6.71546525525424932131e-05-j4.69650710188066074745e-05
  -6.91532040438936452479e-05-j4.61860885424710587211e-05
  -7.10825140427428689947e-05-j4.53379267461311125337e-05
  -7.29383765620265813855e-05-j4.44278165195935426362e-05
  -7.47174969473925074332e-05-j4.34631492721781757436e-05
  -7.64174694442950117176e-05-j4.24513522536060014111e-05
  -7.80367372591994195316e-05-j4.13997749252169124404e-05
  -7.95745383317027091350e-05-j4.03155885789436088402e-05
  -8.10308401718499537840e-05-j3.92057005833221103525e-05
  -8.24062670661821541082e-05-j3.80766838739310216279e-05
  -8.37020227526742894870e-05-j3.69347216366690093980e-05
  -8.49198113485163171444e-05-j3.57855665790557432864e-05
  -8.60617589254087788243e-05-j3.46345137573158382590e-05
  -8.71303377011130731743e-05-j3.34863856246281406284e-05
  -8.81282943843346791308e-05-j3.23455277796098677676e-05
  -8.90585837969454918858e-05-j3.12158138093016570181e-05
  -8.99243085205397380466e-05-j3.01006576200048954972e-05
  -9.07286649844495611409e-05-j2.90030317136756037749e-05
  -9.14748961351501339075e-05-j2.79254899792019647194e-05
  -9.21662506035408738737e-05-j2.68701937104924862222e-05
  -9.28059481146409728011e-05-j2.58389397229581593797e-05
  -9.33971507592666567782e-05-j2.48331896053946588889e-05
  -9.39429396633994346060e-05-j2.38540993068033834801e-05
  -9.44462965417454879905e-05-j2.29025484111097052278e-05
  -9.49100896009294161442e-05-j2.19791685929311780238e-05
  -9.53370632587179376921e-05-j2.10843708721652200197e-05
  -9.57298311630993967658e-05-j2.02183713932261181268e-05
  -9.60908720241546236403e-05-j1.93812155463222048730e-05
  -9.64225278084298215208e-05-j1.85728003240104034546e-05
  -9.67270038867105308314e-05-j1.77928948676526334325e-05
  -9.70063707691484284007e-05-j1.70411592068541294250e-05
  -9.72625671046836525564e-05-j1.63171612321284442899e-05
  -9.74974036632410626102e-05-j1.56203919685498142345e-05
  -9.77125680583022901589e-05-j1.49502792375886106032e-05
  -9.79096300035673001994e-05-j1.43061998071215587227e-05
  -9.80900469301904917628e-05-j1.36874901370585841192e-05
  -9.82551698203920154465e-05-j1.30934558312589028760e-05
  -9.84062491391369663796e-05-j1.25233799063911784314e-05
  -9.85444407681860526024e-05-j1.19765299859381756515e-05
  -9.86708118663597597356e-05-j1.14521645233298468799e-05
  -9.87863465965765658473e-05-j1.09495381527579821056e-05
  -9.88919516743959033447e-05-j1.04679062600185707958e-05
  -9.89884617046933389757e-05-j1.00065288590896817381e-05
  -9.90766442829895603410e-05-j9.56467385334743513091e-06
  -9.91572048461002869286e-05-j9.14161975355215604291e-06
  -9.92307912634087142681e-05-j8.73665791814468821604e-06
  -9.92979981654015244567e-05-j8.34909437508456253650e-06
  -9.93593710103465854993e-05-j7.97825127850439625452e-06
  -9.94154098932993520723e-05-j7.62346804789088613991e-06
  -9.94665731041541529341e-05-j7.28410223235320671107e-06
  -9.95132804433407716117e-05-j6.95953013781020096739e-06
  -9.95559163051161250153e-05-j6.64914725061239178055e-06
  -9.95948325393163178421e-05-j6.35236848720000404862e-06
  -9.96303511029958995936e-05-j6.06862829586345824161e-06
  -9.96627665136605092730e-05-j5.79738063349649356589e-06
  -9.96923481158551189757e-05-j5.53809883738727816362e-06
  -9.97193421727506085087e-05-j5.29027540955512425453e-06
  -9.97439737941195565590e-05-j5.05342172888307908770e-06
  -9.97664487117391041550e-05-j4.82706770429443253760e-06
  -9.97869549128338337784e-05-j4.61076138045020738693e-06
  -9.98056641416967946960e-05-j4.40406850588167860520e-06
  -9.98227332791193171495e-05-j4.20657207209594258073e-06
  -9.98383056087362360251e-05-j4.01787183098344229543e-06
  -9.98525119788618584563e-05-j3.83758379679648073933e-06
  -9.98654718678640982224e-05-j3.66533973803994673538e-06
  -9.98772943606058291946e-05-j3.50078666380547117259e-06
  -9.98880790429783425172e-05-j3.34358630837390823458e-06
  -9.98979168210661509558e-05-j3.19341461729663959247e-06
  -9.99068906710179522896e-05-j3.04996123763257809090e-06
  -9.99150763252563040061e-05-j2.91292901455528779620e-06
  -9.99225429002402628070e-05-j2.78203349614472803336e-06
  -9.99293534706009452077e-05-j2.65700244783293897233e-06
  -9.99355655940995071850e-05-j2.53757537767575314550e-06
  -9.99412317915104891517e-05-j2.42350307336752187118e-06
  -9.99463999852098652996e-05-j2.31454715169708320568e-06
  -9.99511138999455790635e-05-j2.21047962095662040523e-06
  -9.99554134289888391446e-05-j2.11108245665616623904e-06
  -9.99593349686040522723e-05-j2.01614719076182940887e-06
  -9.99629117235352129692e-05-j1.92547451456213056874e-06
  -9.99661739859843362453e-05-j1.83887389517134157875e-06
  -9.99691493903518459954e-05-j1.75616320559904123802e-06
  -9.99718631458198283288e-05-j1.67716836824890617543e-06
  -9.99743382486845296158e-05-j1.60172301165555224463e-06
  -9.99765956761841119828e-05-j1.52966814022390255973e-06
  -9.99786545634198209158e-05-j1.46085181670011188464e-06
  -9.99805323648333840953e-05-j1.39512885707502717002e-06
  -9.99822450015787908897e-05-j1.33236053759950201077e-06
  -9.99838069960123270244e-05-j1.27241431357469642111e-06
  -9.99852315944199643554e-05-j1.21516354956893323030e-06
  -9.99865308790052131297e-05-j1.16048726070506545836e-06
  -9.99877158700724391312e-05-j1.10826986465801986791e-06
  -9.99887966192599834730e-05-j1.05840094400065320574e-06
  -9.99897822946039816503e-05-j1.01077501853694385573e-06
  -9.99906812581455957042e-05-j9.65291327264283470624e-07
  -9.99915011367333327660e-05-j9.21853619611025756890e-07
  -9.99922488866151619761e-05-j8.80369955601149907075e-07
  -9.99929308523633846766e-05-j8.40752514604644697241e-07
  -9.99935528206284023403e-05-j8.02917412339799576649e-07
  -9.99941200691740501990e-05-j7.66784525801861518295e-07
  -9.99946374116076318068e-05-j7.32277325801244544010e-07
  -9.99951092381821195253e-05-j6.99322716803594394668e-07
  -9.99955395530145653860e-05-j6.67850883773405258441e-07
  -9.99959320080352222736e-05-j6.37795145732365251062e-07
  -9.99962899339539300651e-05-j6.09091815753233447952e-07
  -9.99966163685055473400e-05-j5.81680067119642433911e-07
  -9.99969140822131835307e-05-j5.55501805391767244409e-07
  -9.99971856018871968095e-05-j5.30501546127269389160e-07
</dep>
<dep _net1.v acfrequency>
  +9.99996446955039752780e-01-j1.88494889482190884980e-03
  +9.99996104165006616249e-01-j1.97378312278919569936e-03
  +9.99995728303479713972e-01-j2.06680387869824034111e-03
  +9.99995316179835169734e-01-j2.16420845268160393776e-03
  +9.99994864295635443874e-01-j2.26620343066918829983e-03
  +9.99994368814932532707e-01-j2.37300513215972248143e-03
  +9.99993825531709568111e-01-j2.48484006857548631389e-03
  +9.99993229834179819804e-01-j2.60194542316319202616e-03
  +9.99992576665642562972e-01-j2.72456955344823649467e-03
  +9.99991860481563854535e-01-j2.85297251729581388333e-03
  +9.99991075202516066511e-01-j2.98742662368061372147e-03
  +9.99990214162580048907e-01-j3.12821700931715076036e-03
  +9.99989270052768275399e-01-j3.27564224235523055243e-03
  +9.99988234858994018417e-01-j3.43001495439972407461e-03
  +9.99987099794055200874e-01-j3.59166250217068548298e-03
  +9.99985855223060160490e-01-j3.76092766017916075097e-03
  +9.99984490581661389363e-01-j3.93816934585559420834e-03
  +9.99982994286402804285e-01-j4.12376337863180550403e-03
  +9.99981353636423486719e-01-j4.31810327454404310060e-03
  +9.99979554705681450422e-01-j4.52160107799365069275e-03
  +9.99977582224785499498e-01-j4.73468823237342163746e-03
  +9.99975419451434754947e-01-j4.95781649134189976447e-03
  +9.99973048028365174567e-01-j5.19145887260449509504e-03
  +9.99970447827603248214e-01-j5.43611065613950304731e-03
  +9.99967596779704592791e-01-j5.69229042888882551948e-03
  +9.99964470686533157817e-01-j5.96054117801726474762e-03
  +9.99961043015996531302e-01-j6.24143143493071945321e-03
  +9.99957284676998070516e-01-j6.53555647233222680725e-03
  +9.99953163772703934598e-01-j6.84353955668543997848e-03
  +9.99948645330035246204e-01-j7.16603325854756490615e-03
  +9.99943691003102430592e-01-j7.50372082332774383712e-03
  +9.99938258748070074589e-01-j7.85731760512191866608e-03
  +9.99932302466709055366e-01-j8.22757256637116768383e-03
  +9.99925771615624459088e-01-j8.61526984618646123060e-03
  +9.99918610777859595551e-01-j9.02123040027845608801e-03
  +9.99910759193266218681e-01-j9.44631371552553250615e-03
  +9.99902150243676235419e-01-j9.89141960230563270506e-03
  +9.99892710888541924596e-01-j1.03574900678068803489e-02
  +9.99882361046290357720e-01-j1.08455112736169680121e-02
  +9.99871012916191292952e-01-j1.13565155809705296830e-02
  +9.99858570235034216367e-01-j1.18915836871054548390e-02
  +9.99844927462376853455e-01-j1.24518468562412210759e-02
  +9.99829968887531173038e-01-j1.30384892487426882340e-02
  +9.99813567650803203257e-01-j1.36527503520685999233e-02
  +9.99795584670798431759e-01-j1.42959275171217845696e-02
  +9.99775867468830070628e-01-j1.49693786036148631519e-02
  +9.99754248880624030171e-01-j1.56745247380358290745e-02
  +9.99730545644588186605e-01-j1.64128531877380696991e-02
  +9.99704556854913994890e-01-j1.71859203545831930315e-02
  +9.99676062266676601631e-01-j1.79953548914258305846e-02
  +9.99644820438904013749e-01-j1.88428609445396924582e-02
  +9.99610566700286029551e-01-j1.97302215248351224541e-02
  +9.99573010920769333687e-01-j2.06593020103997548897e-02
  +9.99531835070750274141e-01-j2.16320537824944286731e-02
  +9.99486690547890077596e-01-j2.26505179966423504656e-02
  +9.99437195249762599936e-01-j2.37168294898461237685e-02
  +9.99382930368564736945e-01-j2.48332208242364842199e-02
  +9.99323436881978777180e-01-j2.60020264665785996727e-02
  +9.99258211711958943546e-01-j2.72256871020138090100e-02
  +9.99186703520706487325e-01-j2.85067540791701413971e-02
  +9.99108308110395193502e-01-j2.98478939823039884915e-02
  +9.99022363390299483754e-01-j3.12518933244046726028e-02
  +9.98928143871842810775e-01-j3.27216633531622197451e-02
  +9.98824854648730386941e-01-j3.42602449593256003224e-02
  +9.98711624815734722027e-01-j3.58708136742101127425e-02
  +9.98587500275877504308e-01-j3.75566847398953601589e-02
  +9.98451435881675397610e-01-j3.93213182319212609106e-02
  +9.98302286851809328461e-01-j4.11683242099695270722e-02
  +9.98138799400034137932e-01-j4.31014678670280093620e-02
  +9.97959600508387834061e-01-j4.51246746417824570741e-02
  +9.97763186771796317664e-01-j4.72420352523652345433e-02
  +9.97547912236055434043e-01-j4.94578106019913921187e-02
  +9.97311975145920515118e-01-j5.17764364983078553828e-02
  +9.97053403514735592239e-01-j5.42025281183214288627e-02
  +9.96770039421741693708e-01-j5.67408841394036952965e-02
  +9.96459521938038328415e-01-j5.93964904439185648055e-02
  +9.96119268577249417085e-01-j6.21745232902916333817e-02
  +9.95746455162435983866e-01-j6.50803518266366148870e-02
  +9.95337993996898373616e-01-j6.81195398041466587680e-02
  +9.94890510223481294716e-01-j7.12978463261154937758e-02
  +9.94400316255129701482e-01-j7.46212254444251488206e-02
  +9.93863384159123341988e-01-j7.80958243883634883886e-02
  +9.93275315879095788141e-01-j8.17279801804641076179e-02
  +9.92631311183152620359e-01-j8.55242143604243998389e-02
  +9.91926133233801965439e-01-j8.94912255008261936506e-02
  +9.91154071686748072700e-01-j9.36358791571302306878e-02
  +9.90308903241804761031e-01-j9.79651948490819352022e-02
  +9.89383849591285780001e-01-j1.02486329621144386937e-01
  +9.88371532740485503332e-01-j1.07206557675865968293e-01
  +9.87263927712666800041e-01-j1.12133245516327778590e-01
  +9.86052312698958433046e-01-j1.17273821972313591067e-01
  +9.84727216773576774500e-01-j1.22635742420152640819e-01
  +9.83278365368846052341e-01-j1.28226446439165753244e-01
  +9.81694623794921783499e-01-j1.34053308079542604636e-01
  +9.79963939198341460468e-01-j1.40123577849021185848e-01
  +9.78073281484209133829e-01-j1.46444315461270707646e-01
  +9.76008583881685432004e-01-j1.53022312330432619376e-01
  +9.73754684014261018277e-01-j1.59864002747797273596e-01
  +9.71295266547665847590e-01-j1.66975362643009522801e-01
  +9.68612808731550645192e-01-j1.74361794819642285104e-01
  +9.65688530428021829621e-01-j1.82027999570915755001e-01
  +9.62502350531635131325e-01-j1.89977829634703720973e-01
  +9.59032852031134419590e-01-j1.98214128548301615762e-01
  +9.55257258340873938174e-01-j2.06738551624874256074e-01
  +9.51151423934834872043e-01-j2.15551369008807169880e-01
  +9.46689842740671139154e-01-j2.24651250591476947527e-01
  +9.41845678183504841918e-01-j2.34035032998392539261e-01
  +9.36590819192612111799e-01-j2.43697469409766054316e-01
  +9.30895966876229996601e-01-j2.53630963665320063871e-01
  +9.24730756901358530442e-01-j2.63825290944592782960e-01
  +9.18063922850113955931e-01-j2.74267308316492597342e-01
  +9.10863505917596905093e-01-j2.84940659620737113400e-01
  +9.03097116216418860368e-01-j2.95825480474564528333e-01
  +8.94732250601160683523e-01-j3.06898110674116708640e-01
  +8.85736671258460117606e-01-j3.18130822848781413814e-01
  +8.76078848259710940560e-01-j3.29491577876657282253e-01
  +8.65728467781273658410e-01-j3.40943819205396236871e-01
  +8.54657005709041239783e-01-j3.52446319744577796218e-01
  +8.42838363825789027572e-01-j3.63953096276506238294e-01
  +8.30249562724632017563e-01-j3.75413407219546857441e-01
  +8.16871482033148965662e-01-j3.86771849898768782516e-01
  +8.02689634553752640045e-01-j3.97968573047817020250e-01
  +7.87694956670539014887e-01-j4.08939618900317269912e-01
  +7.71884593051981537926e-01-j4.19617406765923350864e-01
  +7.55262649571424415917e-01-j4.29931366306037510139e-01
  +7.37840884813778075113e-01-j4.39808723777734000837e-01
  +7.19639307922442794663e-01-j4.49175438348258737609e-01
  +7.00686649267852068590e-01-j4.57957278362995490184e-01
  +6.81020670869660560420e-01-j4.66081019478264191314e-01
  +6.60688285992028223603e-01-j4.73475738285441705155e-01
  +6.39745462050150814903e-01-j4.80074167016295350052e-01
  +6.18256887943122279694e-01-j4.85814067781088265718e-01
  +5.96295395984987264271e-01-j4.90639579235200407048e-01
  +5.73941139339888772852e-01-j4.94502485244633804840e-01
  +5.51280537659544878082e-01-j4.97363354558162107377e-01
  +5.28405015674143552218e-01-j4.99192503033200285500e-01
  +5.05409570892307979939e-01-j4.99970735686361078542e-01
  +4.82391216393137811647e-01-j4.99689834537272503656e-01
  +4.59447352097819505801e-01-j4.98352769379404425543e-01
  +4.36674122228447592065e-01-j4.95973621480480020285e-01
  +4.14164817502624071910e-01-j4.92577223839716527021e-01
  +3.92008377896548743102e-01-j4.88198534978819265184e-01
  +3.70288045786380248803e-01-j4.82881775317814010418e-01
  +3.49080210492473563821e-01-j4.76679365123983456165e-01
  +3.28453474474575124464e-01-j4.69650710188066033979e-01
  +3.08467959561063598262e-01-j4.61860885424710598812e-01
  +2.89174859572571330002e-01-j4.53379267461311075138e-01
  +2.70616234379734144078e-01-j4.44278165195935437204e-01
  +2.52825030526074967518e-01-j4.34631492721781753641e-01
  +2.35825305557049919036e-01-j4.24513522536060006196e-01
  +2.19632627408005792757e-01-j4.13997749252169089385e-01
  +2.04254616682972983677e-01-j4.03155885789436063682e-01
  +1.89691598281500506396e-01-j3.92057005833221061675e-01
  +1.75937329338178544136e-01-j3.80766838739310164996e-01
  +1.62979772473257206178e-01-j3.69347216366690045408e-01
  +1.50801886514836891440e-01-j3.57855665790557442296e-01
  +1.39382410745912177497e-01-j3.46345137573158379229e-01
  +1.28696622988869385784e-01-j3.34863856246281399454e-01
  +1.18717056156653316679e-01-j3.23455277796098672471e-01
  +1.09414162030545172866e-01-j3.12158138093016568337e-01
  +1.00756914794602636665e-01-j3.01006576200048947545e-01
  +9.27133501555044425846e-02-j2.90030317136756032870e-01
  +8.52510386484987281452e-02-j2.79254899792019617433e-01
  +7.83374939645913731523e-02-j2.68701937104924848398e-01
  +7.19405188535902906377e-02-j2.58389397229581596616e-01
  +6.60284924073334250627e-02-j2.48331896053946565850e-01
  +6.05706033660057541201e-02-j2.38540993068033835289e-01
  +5.55370345825451777744e-02-j2.29025484111097049622e-01
  +5.08991039907059142355e-02-j2.19791685929311753078e-01
  +4.66293674128207269458e-02-j2.10843708721652173255e-01
  +4.27016883690061258005e-02-j2.02183713932261172053e-01
  +3.90912797584538340701e-02-j1.93812155463222030027e-01
  +3.57747219157018847557e-02-j1.85728003240104022620e-01
  +3.27299611328947387401e-02-j1.77928948676526338391e-01
  +2.99362923085158237624e-02-j1.70411592068541284384e-01
  +2.73743289531635514145e-02-j1.63171612321284437153e-01
  +2.50259633675894745120e-02-j1.56203919685498127112e-01
  +2.28743194169771998925e-02-j1.49502792375886095488e-01
  +2.09036999643270986204e-02-j1.43061998071215584760e-01
  +1.90995306980950747822e-02-j1.36874901370585833060e-01
  +1.74483017960798611479e-02-j1.30934558312589016671e-01
  +1.59375086086303990873e-02-j1.25233799063911771521e-01
  +1.45555923181395069355e-02-j1.19765299859381751935e-01
  +1.32918813364024789719e-02-j1.14521645233298469124e-01
  +1.21365340342343974722e-02-j1.09495381527579815906e-01
  +1.10804832560409995124e-02-j1.04679062600185696086e-01
  +1.01153829530666525272e-02-j1.00065288590896805943e-01
  +9.23355717010439225323e-03-j9.56467385334743430692e-02
  +8.42795153899718145485e-03-j9.14161975355215622452e-02
  +7.69208736591286013767e-03-j8.73665791814468711829e-02
  +7.02001834598482872540e-03-j8.34909437508456198085e-02
  +6.40628989653413676714e-03-j7.97825127850439602684e-02
  +5.84590106700655625510e-03-j7.62346804789088561272e-02
  +5.33426895845847022504e-03-j7.28410223235320675172e-02
  +4.86719556659230036255e-03-j6.95953013781020063400e-02
  +4.44083694883880362309e-03-j6.64914725061239164638e-02
  +4.05167460683685323741e-03-j6.35236848720000385482e-02
  +3.69648897004109643766e-03-j6.06862829586345756128e-02
  +3.37233486339488840525e-03-j5.79738063349649335176e-02
  +3.07651884144882108510e-03-j5.53809883738727790070e-02
  +2.80657827249399926400e-03-j5.29027540955512437515e-02
  +2.56026205880451745989e-03-j5.05342172888307850087e-02
  +2.33551288260906405106e-03-j4.82706770429443196568e-02
  +2.13045087166167414205e-03-j4.61076138045020747502e-02
  +1.94335858303213196950e-03-j4.40406850588167808613e-02
  +1.77266720880693410579e-03-j4.20657207209594249941e-02
  +1.61694391263763953201e-03-j4.01787183098344172216e-02
  +1.47488021138141305218e-03-j3.83758379679648015115e-02
  +1.34528132135907198610e-03-j3.66533973803994661544e-02
  +1.22705639394173732747e-03-j3.50078666380547118275e-02
  +1.11920957021660995648e-03-j3.34358630837390813362e-02
  +1.02083178933850843989e-03-j3.19341461729663947389e-02
  +9.31093289820473309255e-04-j3.04996123763257784289e-02
  +8.49236747437001355393e-04-j2.91292901455528774335e-02
  +7.74570997597444788757e-04-j2.78203349614472780771e-02
  +7.06465293990636068223e-04-j2.65700244783293876294e-02
  +6.44344059004998948557e-04-j2.53757537767575307164e-02
  +5.87682084895088858480e-04-j2.42350307336752154863e-02
  +5.36000147901458459665e-04-j2.31454715169708315214e-02
  +4.88861000544305642629e-04-j2.21047962095662041404e-02
  +4.45865710111596736352e-04-j2.11108245665616624243e-02
  +4.06650313959525144033e-04-j2.01614719076182932755e-02
  +3.70882764647940130556e-04-j1.92547451456213068732e-02
  +3.38260140156680915585e-04-j1.83887389517134146322e-02
  +3.08506096481556254998e-04-j1.75616320559904108556e-02
  +2.81368541801785450318e-04-j1.67716836824890608293e-02
  +2.56617513154750896340e-04-j1.60172301165555225344e-02
  +2.34043238158933162218e-04-j1.52966814022390245470e-02
  +2.13454365801881589849e-04-j1.46085181670011186872e-02
  +1.94676351666245241352e-04-j1.39512885707502708871e-02
  +1.77549984212137154085e-04-j1.33236053759950203584e-02
  +1.61930039876791067709e-04-j1.27241431357469642754e-02
  +1.47684055800434535554e-04-j1.21516354956893307682e-02
  +1.34691209947911799943e-04-j1.16048726070506532521e-02
  +1.22841299275718300772e-04-j1.10826986465801975712e-02
  +1.12033807400147949725e-04-j1.05840094400065313357e-02
  +1.02177053960191872731e-04-j1.01077501853694389639e-02
  +9.31874185441391127268e-05-j9.65291327264283446907e-03
  +8.49886326666775173810e-05-j9.21853619611025763836e-03
  +7.75111338483875300046e-05-j8.80369955601149889457e-03
  +7.06914763662341426743e-05-j8.40752514604644653196e-03
  +6.44717937160289232242e-05-j8.02917412339799498044e-03
  +5.87993082595703530583e-05-j7.66784525801861467642e-03
  +5.36258839236887897926e-05-j7.32277325801244504538e-03
  +4.89076181788719471810e-05-j6.99322716803594309626e-03
  +4.46044698544228267038e-05-j6.67850883773405193389e-03
  +4.06799196478394500397e-05-j6.37795145732365179742e-03
  +3.71006604607637099956e-05-j6.09091815753233425251e-03
  +3.38363149446401908159e-05-j5.81680067119642353612e-03
  +3.08591778682099784708e-05-j5.55501805391767165127e-03
  +2.81439811280160516601e-05-j5.30501546127269338338e-03
</dep>
<dep _net0.v acfrequency>
  +1.00000000000000000000e+00
  +1.00000000000000000000e+00
  +1.00000000000000000000e+00
  +1.00000000000000000000e+00
  +1.00000000000000000000e+00
  +1.00000000000000000000e+00
  +1.00000000000000000000e+00
  +1.00000000000000000000e+00
  +1.00000000000000000000e+00
  +1.00000000000000000000e+00
  +1.00000000000000000000e+00
  +1.00000000000000000000e+00
  +1.00000000000000000000e+00
  +1.00000000000000000000e+00
  +1.00000000000000000000e+00
  +1.00000000000000000000e+00
  +1.00000000000000000000e+00
  +1.00000000000000000000e+00
  +1.00000000000000000000e+00
  +1.00000000000000000000e+00
  +1.00000000000000000000e+00
  +1.00000000000000000000e+00
  +1.00000000000000000000e+00
  +1.00000000000000000000e+00
  +1.00000000000000000000e+00
  +1.00000000000000000000e+00
  +1.00000000000000000000e+00
  +1.00000000000000000000e+00
  +1.00000000000000000000e+00
  +1.00000000000000000000e+00
  +1.00000000000000000000e+00
  +1.00000000000000000000e+00
  +1.00000000000000000000e+00
  +1.00000000000000000000e+00
  +1.00000000000000000000e+00
  +1.00000000000000000000e+00
  +1.00000000000000000000e+00
  +1.00000000000000000000e+00
  +1.00000000000000000000e+00
  +1.00000000000000000000e+00
  +1.00000000000000000000e+00
  +1.00000000000000000000e+00
  +1.00000000000000000000e+00
  +1.00000000000000000000e+00
  +1.00000000000000000000e+00
  +1.00000000000000000000e+00
  +1.00000000000000000000e+00
  +1.00000000000000000000e+00
  +1.00000000000000000000e+00
  +1.00000000000000000000e+00
  +1.00000000000000000000e+00
  +1.00000000000000000000e+00
  +1.00000000000000000000e+00
  +1.00000000000000000000e+00
  +1.00000000000000000000e+00
  +1.00000000000000000000e+00
  +1.00000000000000000000e+00
  +1.00000000000000000000e+00
  +1.00000000000000000000e+00
  +1.00000000000000000000e+00
  +1.00000000000000000000e+00
  +1.00000000000000000000e+00
  +1.00000000000000000000e+00
  +1.00000000000000000000e+00
  +1.00000000000000000000e+00
  +1.00000000000000000000e+00
  +1.00000000000000000000e+00
  +1.00000000000000000000e+00
  +1.00000000000000000000e+00
  +1.00000000000000000000e+00
  +1.00000000000000000000e+00
  +1.00000000000000000000e+00
  +1.00000000000000000000e+00
  +1.00000000000000000000e+00
  +1.00000000000000000000e+00
  +1.00000000000000000000e+00
  +1.00000000000000000000e+00
  +1.00000000000000000000e+00
  +1.00000000000000000000e+00
  +1.00000000000000000000e+00
  +1.00000000000000000000e+00
  +1.00000000000000000000e+00
  +1.00000000000000000000e+00
  +1.00000000000000000000e+00
  +1.00000000000000000000e+00
  +1.00000000000000000000e+00
  +1.00000000000000000000e+00
  +1.00000000000000000000e+00
  +1.00000000000000000000e+00
  +1.00000000000000000000e+00
  +1.00000000000000000000e+00
  +1.00000000000000000000e+00
  +1.00000000000000000000e+00
  +1.00000000000000000000e+00
  +1.00000000000000000000e+00
  +1.00000000000000000000e+00
  +1.00000000000000000000e+00
  +1.00000000000000000000e+00
  +1.00000000000000000000e+00
  +1.00000000000000000000e+00
  +1.00000000000000000000e+00
  +1.00000000000000000000e+00
  +1.00000000000000000000e+00
  +1.00000000000000000000e+00
  +1.00000000000000000000e+00
  +1.00000000000000000000e+00
  +1.00000000000000000000e+00
  +1.00000000000000000000e+00
  +1.00000000000000000000e+00
  +1.00000000000000000000e+00
  +1.00000000000000000000e+00
  +1.00000000000000000000e+00
  +1.00000000000000000000e+00
  +1.00000000000000000000e+00
  +1.00000000000000000000e+00
  +1.00000000000000000000e+00
  +1.00000000000000000000e+00
  +1.00000000000000000000e+00
  +1.00000000000000000000e+00
  +1.00000000000000000000e+00
  +1.00000000000000000000e+00
  +1.00000000000000000000e+00
  +1.00000000000000000000e+00
  +1.00000000000000000000e+00
  +1.00000000000000000000e+00
  +1.00000000000000000000e+00
  +1.00000000000000000000e+00
  +1.00000000000000000000e+00
  +1.00000000000000000000e+00
  +1.00000000000000000000e+00
  +1.00000000000000000000e+00
  +1.00000000000000000000e+00
  +1.00000000000000000000e+00
  +1.00000000000000000000e+00
  +1.00000000000000000000e+00
  +1.00000000000000000000e+00
  +1.00000000000000000000e+00
  +1.00000000000000000000e+00
  +1.00000000000000000000e+00
  +1.00000000000000000000e+00
  +1.00000000000000000000e+00
  +1.00000000000000000000e+00
  +1.00000000000000000000e+00
  +1.00000000000000000000e+00
  +1.00000000000000000000e+00
  +1.00000000000000000000e+00
  +1.00000000000000000000e+00
  +1.00000000000000000000e+00
  +1.00000000000000000000e+00
  +1.00000000000000000000e+00
  +1.00000000000000000000e+00
  +1.00000000000000000000e+00
  +1.00000000000000000000e+00
  +1.00000000000000000000e+00
  +1.00000000000000000000e+00
  +1.00000000000000000000e+00
  +1.00000000000000000000e+00
  +1.00000000000000000000e+00
  +1.00000000000000000000e+00
  +1.00000000000000000000e+00
  +1.00000000000000000000e+00
  +1.00000000000000000000e+00
  +1.00000000000000000000e+00
  +1.00000000000000000000e+00
  +1.00000000000000000000e+00
  +1.00000000000000000000e+00
  +1.00000000000000000000e+00
  +1.00000000000000000000e+00
  +1.00000000000000000000e+00
  +1.00000000000000000000e+00
  +1.00000000000000000000e+00
  +1.00000000000000000000e+00
  +1.00000000000000000000e+00
  +1.00000000000000000000e+00
  +1.00000000000000000000e+00
  +1.00000000000000000000e+00
  +1.00000000000000000000e+00
  +1.00000000000000000000e+00
  +1.00000000000000000000e+00
  +1.00000000000000000000e+00
  +1.00000000000000000000e+00
  +1.00000000000000000000e+00
  +1.00000000000000000000e+00
  +1.00000000000000000000e+00
  +1.00000000000000000000e+00
  +1.00000000000000000000e+00
  +1.00000000000000000000e+00
  +1.00000000000000000000e+00
  +1.00000000000000000000e+00
  +1.00000000000000000000e+00
  +1.00000000000000000000e+00
  +1.00000000000000000000e+00
  +1.00000000000000000000e+00
  +1.00000000000000000000e+00
  +1.00000000000000000000e+00
  +1.00000000000000000000e+00
  +1.00000000000000000000e+00
  +1.00000000000000000000e+00
  +1.00000000000000000000e+00
  +1.00000000000000000000e+00
  +1.00000000000000000000e+00
  +1.00000000000000000000e+00
  +1.00000000000000000000e+00
  +1.00000000000000000000e+00
  +1.00000000000000000000e+00
  +1.00000000000000000000e+00
  +1.00000000000000000000e+00
  +1.00000000000000000000e+00
  +1.00000000000000000000e+00
  +1.00000000000000000000e+00
  +1.00000000000000000000e+00
  +1.00000000000000000000e+00
  +1.00000000000000000000e+00
  +1.00000000000000000000e+00
  +1.00000000000000000000e+00
  +1.00000000000000000000e+00
  +1.00000000000000000000e+00
  +1.00000000000000000000e+00
  +1.00000000000000000000e+00
  +1.00000000000000000000e+00
  +1.00000000000000000000e+00
  +1.00000000000000000000e+00
  +1.00000000000000000000e+00
  +1.00000000000000000000e+00
  +1.00000000000000000000e+00
  +1.00000000000000000000e+00
  +1.00000000000000000000e+00
  +1.00000000000000000000e+00
  +1.00000000000000000000e+00
  +1.00000000000000000000e+00
  +1.00000000000000000000e+00
  +1.00000000000000000000e+00
  +1.00000000000000000000e+00
  +1.00000000000000000000e+00
  +1.00000000000000000000e+00
  +1.00000000000000000000e+00
  +1.00000000000000000000e+00
  +1.00000000000000000000e+00
  +1.00000000000000000000e+00
  +1.00000000000000000000e+00
  +1.00000000000000000000e+00
  +1.00000000000000000000e+00
  +1.00000000000000000000e+00
  +1.00000000000000000000e+00
  +1.00000000000000000000e+00
  +1.00000000000000000000e+00
  +1.00000000000000000000e+00
  +1.00000000000000000000e+00
  +1.00000000000000000000e+00
  +1.00000000000000000000e+00
  +1.00000000000000000000e+00
</dep>
